Drug	Tumor	Replica	Day	Concentration	N_Dead	N_Live
5FU	4	1	1	10	3	40
5FU	4	1	1	10	1	50
5FU	4	1	1	10	7	41
5FU	4	1	1	10	11	59
5FU	4	1	1	10	7	47
5FU	4	1	1	10	10	52
5FU	4	1	1	10	20	48
5FU	4	1	1	10	27	70
5FU	4	1	1	10	49	78
5FU	4	1	1	20	9	55
5FU	4	1	1	20	23	60
5FU	4	1	1	20	29	64
5FU	4	1	1	20	21	75
5FU	4	1	1	20	21	70
5FU	4	1	1	20	27	83
5FU	4	1	1	20	19	64
5FU	4	1	1	20	30	62
5FU	4	1	1	50	47	126
5FU	4	1	1	50	24	73
5FU	4	1	1	50	12	80
5FU	4	1	1	50	26	89
5FU	4	1	1	50	16	90
5FU	4	1	1	50	13	81
5FU	4	1	1	50	12	66
5FU	4	1	1	50	11	53
5FU	4	1	1	50	12	64
5FU	4	1	2	10	29	58
5FU	4	1	2	10	32	48
5FU	4	1	2	10	26	68
5FU	4	1	2	10	11	64
5FU	4	1	2	10	20	72
5FU	4	1	2	10	20	87
5FU	4	1	2	10	20	63
5FU	4	1	2	10	21	65
5FU	4	1	2	10	30	93
5FU	4	1	2	20	2	14
5FU	4	1	2	20	1	7
5FU	4	1	2	20	1	4
5FU	4	1	2	20	1	13
5FU	4	1	2	20	1	16
5FU	4	1	2	20	1	17
5FU	4	1	2	20	5	20
5FU	4	1	2	20	6	33
5FU	4	1	2	20	11	43
5FU	4	1	2	50	35	57
5FU	4	1	2	50	43	61
5FU	4	1	2	50	36	53
5FU	4	1	2	50	37	64
5FU	4	1	2	50	23	61
5FU	4	1	2	50	32	64
5FU	4	1	2	50	23	79
5FU	4	1	2	50	18	48
5FU	4	1	2	50	15	50
5FU	4	1	3	10	9	19
5FU	4	1	3	10	12	18
5FU	4	1	3	10	14	18
5FU	4	1	3	10	10	20
5FU	4	1	3	10	11	12
5FU	4	1	3	10	6	12
5FU	4	1	3	10	7	13
5FU	4	1	3	10	1	10
5FU	4	1	3	10	8	20
5FU	4	1	3	20	26	32
5FU	4	1	3	20	31	35
5FU	4	1	3	20	15	40
5FU	4	1	3	20	25	41
5FU	4	1	3	20	21	32
5FU	4	1	3	20	25	45
5FU	4	1	3	20	16	38
5FU	4	1	3	20	13	31
5FU	4	1	3	20	17	32
5FU	4	1	3	50	9	13
5FU	4	1	3	50	13	22
5FU	4	1	3	50	12	28
5FU	4	1	3	50	12	21
5FU	4	1	3	50	13	22
5FU	4	1	3	50	15	33
5FU	4	1	3	50	17	18
5FU	4	1	3	50	17	31
5FU	4	1	3	50	19	24
5FU	4	2	1	10	56	78
5FU	4	2	1	10	55	93
5FU	4	2	1	10	52	87
5FU	4	2	1	10	45	83
5FU	4	2	1	10	39	89
5FU	4	2	1	10	47	65
5FU	4	2	1	10	46	74
5FU	4	2	1	10	31	70
5FU	4	2	1	20	4	12
5FU	4	2	1	20	15	28
5FU	4	2	1	20	9	29
5FU	4	2	1	20	15	29
5FU	4	2	1	20	17	24
5FU	4	2	1	20	12	38
5FU	4	2	1	20	28	63
5FU	4	2	1	20	52	82
5FU	4	2	1	50	27	86
5FU	4	2	1	50	40	89
5FU	4	2	1	50	33	88
5FU	4	2	1	50	39	81
5FU	4	2	1	50	29	95
5FU	4	2	1	50	47	104
5FU	4	2	1	50	50	112
5FU	4	2	1	50	49	114
5FU	4	2	2	10	32	66
5FU	4	2	2	10	36	67
5FU	4	2	2	10	29	61
5FU	4	2	2	10	24	59
5FU	4	2	2	10	25	51
5FU	4	2	2	10	25	54
5FU	4	2	2	10	20	58
5FU	4	2	2	10	14	49
5FU	4	2	2	20	33	65
5FU	4	2	2	20	31	63
5FU	4	2	2	20	16	61
5FU	4	2	2	20	38	85
5FU	4	2	2	20	41	74
5FU	4	2	2	20	34	93
5FU	4	2	2	20	28	99
5FU	4	2	2	20	14	57
5FU	4	2	2	20	28	79
5FU	4	2	2	50	24	33
5FU	4	2	2	50	8	36
5FU	4	2	2	50	7	46
5FU	4	2	2	50	18	54
5FU	4	2	2	50	14	39
5FU	4	2	2	50	24	65
5FU	4	2	2	50	31	73
5FU	4	2	2	50	35	89
5FU	4	2	2	50	34	101
5FU	4	2	3	10	10	10
5FU	4	2	3	10	1	7
5FU	4	2	3	10	5	12
5FU	4	2	3	10	5	18
5FU	4	2	3	10	7	19
5FU	4	2	3	10	11	24
5FU	4	2	3	10	9	15
5FU	4	2	3	10	10	17
5FU	4	2	3	20	14	18
5FU	4	2	3	20	31	37
5FU	4	2	3	20	37	39
5FU	4	2	3	20	29	32
5FU	4	2	3	20	35	46
5FU	4	2	3	20	39	48
5FU	4	2	3	20	38	49
5FU	4	2	3	20	36	54
5FU	4	2	3	20	33	48
5FU	4	2	3	50	5	10
5FU	4	2	3	50	4	10
5FU	4	2	3	50	6	12
5FU	4	2	3	50	7	8
5FU	4	2	3	50	5	13
5FU	4	2	3	50	9	14
5FU	4	2	3	50	7	11
5FU	4	2	3	50	8	12
5FU	4	2	3	50	10	9
Control	4	1	0	0	18	133
Control	4	1	0	0	41	194
Control	4	1	0	0	45	206
Control	4	1	0	0	45	203
Control	4	1	0	0	33	183
Control	4	1	0	0	36	159
Control	4	1	0	0	32	167
Control	4	1	0	0	32	157
Control	4	1	0	0	26	117
Control	4	1	1	0	48	115
Control	4	1	1	0	46	117
Control	4	1	1	0	49	109
Control	4	1	1	0	31	100
Control	4	1	1	0	29	81
Control	4	1	1	0	29	82
Control	4	1	1	0	20	87
Control	4	1	1	0	41	88
Control	4	1	2	0	13	47
Control	4	1	2	0	17	58
Control	4	1	2	0	14	84
Control	4	1	2	0	16	75
Control	4	1	2	0	17	80
Control	4	1	2	0	13	65
Control	4	1	2	0	11	57
Control	4	1	2	0	16	53
Control	4	1	3	0	11	33
Control	4	1	3	0	8	17
Control	4	1	3	0	13	31
Control	4	1	3	0	13	20
Control	4	1	3	0	9	18
Control	4	1	3	0	4	24
Control	4	1	3	0	6	9
Control	4	1	3	0	11	16
Control	4	1	3	0	13	11
Control	4	2	0	0	2	105
Control	4	2	0	0	1	66
Control	4	2	0	0	2	63
Control	4	2	0	0	1	67
Control	4	2	0	0	1	40
Control	4	2	0	0	2	45
Control	4	2	0	0	1	45
Control	4	2	1	0	21	75
Control	4	2	1	0	27	90
Control	4	2	1	0	25	105
Control	4	2	1	0	43	113
Control	4	2	1	0	48	124
Control	4	2	1	0	23	115
Control	4	2	1	0	20	86
Control	4	2	1	0	23	80
Control	4	2	2	0	38	129
Control	4	2	2	0	47	132
Control	4	2	2	0	45	146
Control	4	2	2	0	33	125
Control	4	2	2	0	22	133
Control	4	2	2	0	20	118
Control	4	2	2	0	5	106
Control	4	2	2	0	3	107
Control	4	2	3	0	17	37
Control	4	2	3	0	15	29
Control	4	2	3	0	11	34
Control	4	2	3	0	11	21
Control	4	2	3	0	10	22
Control	4	2	3	0	11	27
Control	4	2	3	0	10	29
Control	4	2	3	0	8	16
Control	4	2	3	0	12	18
5FU	5	1	1	10	21	42
5FU	5	1	1	10	23	38
5FU	5	1	1	10	14	39
5FU	5	1	1	10	31	46
5FU	5	1	1	10	33	45
5FU	5	1	1	10	39	49
5FU	5	1	1	10	25	50
5FU	5	1	1	10	30	39
5FU	5	1	1	20	17	23
5FU	5	1	1	20	17	23
5FU	5	1	1	20	18	22
5FU	5	1	1	20	20	27
5FU	5	1	1	20	16	23
5FU	5	1	1	20	17	21
5FU	5	1	1	20	18	29
5FU	5	1	1	20	28	30
5FU	5	1	1	20	18	27
5FU	5	1	1	50	32	48
5FU	5	1	1	50	24	40
5FU	5	1	1	50	23	35
5FU	5	1	1	50	26	54
5FU	5	1	1	50	21	42
5FU	5	1	1	50	13	40
5FU	5	1	1	50	25	36
5FU	5	1	1	50	16	37
5FU	5	1	1	50	10	36
5FU	5	1	2	10	15	14
5FU	5	1	2	10	5	10
5FU	5	1	2	10	7	6
5FU	5	1	2	10	14	7
5FU	5	1	2	10	6	7
5FU	5	1	2	10	5	9
5FU	5	1	2	10	3	6
5FU	5	1	2	10	4	5
5FU	5	1	2	20	2	11
5FU	5	1	2	20	13	3
5FU	5	1	2	20	14	7
5FU	5	1	2	20	11	28
5FU	5	1	2	20	29	27
5FU	5	1	2	20	20	19
5FU	5	1	2	20	20	20
5FU	5	1	2	20	19	16
5FU	5	1	2	20	19	16
5FU	5	1	2	50	5	5
5FU	5	1	2	50	5	7
5FU	5	1	2	50	7	9
5FU	5	1	2	50	7	4
5FU	5	1	2	50	6	11
5FU	5	1	2	50	6	5
5FU	5	1	2	50	7	8
5FU	5	1	2	50	2	3
5FU	5	1	2	50	4	8
5FU	5	1	3	10	20	8
5FU	5	1	3	10	14	8
5FU	5	1	3	10	21	16
5FU	5	1	3	10	24	9
5FU	5	1	3	10	25	15
5FU	5	1	3	10	22	13
5FU	5	1	3	10	18	17
5FU	5	1	3	10	27	11
5FU	5	1	3	20	16	7
5FU	5	1	3	20	7	7
5FU	5	1	3	20	18	7
5FU	5	1	3	20	4	5
5FU	5	1	3	20	2	7
5FU	5	1	3	20	5	6
5FU	5	1	3	20	12	6
5FU	5	1	3	20	3	6
5FU	5	1	3	50	15	5
5FU	5	1	3	50	13	14
5FU	5	1	3	50	4	5
5FU	5	1	3	50	4	5
5FU	5	1	3	50	5	3
5FU	5	1	3	50	2	5
5FU	5	2	1	50	21	47
5FU	5	2	1	50	24	48
5FU	5	2	1	50	22	51
5FU	5	2	1	50	31	49
5FU	5	2	1	50	33	38
5FU	5	2	1	50	29	54
5FU	5	2	1	50	23	53
5FU	5	2	1	50	24	44
5FU	5	2	1	50	26	51
5FU	5	2	2	20	26	5
5FU	5	2	2	20	5	5
5FU	5	2	2	20	5	10
5FU	5	2	2	20	3	11
5FU	5	2	2	20	6	8
5FU	5	2	2	20	9	13
5FU	5	2	2	20	6	12
5FU	5	2	2	20	9	18
5FU	5	2	2	20	15	7
5FU	5	2	2	50	16	10
5FU	5	2	2	50	16	24
5FU	5	2	2	50	18	27
5FU	5	2	2	50	27	20
5FU	5	2	2	50	25	33
5FU	5	2	2	50	18	32
5FU	5	2	2	50	18	32
5FU	5	2	2	50	29	44
5FU	5	2	2	50	26	36
Control	5	1	0	0	46	55
Control	5	1	0	0	8	46
Control	5	1	0	0	8	56
Control	5	1	0	0	1	42
Control	5	1	0	0	8	48
Control	5	1	0	0	9	53
Control	5	1	0	0	12	54
Control	5	1	0	0	19	51
Control	5	1	0	0	38	40
Control	5	1	1	0	19	52
Control	5	1	1	0	23	46
Control	5	1	1	0	39	48
Control	5	1	1	0	43	55
Control	5	1	1	0	33	65
Control	5	1	1	0	55	82
Control	5	1	1	0	34	61
Control	5	1	1	0	23	40
Control	5	1	2	0	6	7
Control	5	1	2	0	11	9
Control	5	1	2	0	6	6
Control	5	1	2	0	6	10
Control	5	1	2	0	8	6
Control	5	1	2	0	4	5
Control	5	1	2	0	7	10
Control	5	1	2	0	4	4
Control	5	1	2	0	5	4
Control	5	1	3	0	4	5
Control	5	1	3	0	5	8
Control	5	1	3	0	8	1
Control	5	1	3	0	3	3
Control	5	1	3	0	5	9
Control	5	1	3	0	13	4
5FU	8	1	4	1	68	57
5FU	8	1	4	1	87	78
5FU	8	1	4	1	49	63
5FU	8	1	4	1	70	73
5FU	8	1	4	1	55	67
5FU	8	1	4	1	37	58
5FU	8	1	4	1	48	63
5FU	8	1	4	10	26	26
5FU	8	1	4	10	33	28
5FU	8	1	4	10	34	27
5FU	8	1	4	10	35	24
5FU	8	1	4	10	32	34
5FU	8	1	4	10	30	25
5FU	8	1	4	10	36	32
5FU	8	1	4	20	37	62
5FU	8	1	4	20	39	50
5FU	8	1	4	20	47	43
5FU	8	1	4	20	46	49
5FU	8	1	4	20	44	39
5FU	8	1	4	20	49	51
5FU	8	1	4	20	45	44
5FU	8	1	4	20	58	41
5FU	8	1	4	50	38	37
5FU	8	1	4	50	45	51
5FU	8	1	4	50	31	29
5FU	8	1	4	50	28	29
5FU	8	1	4	50	22	35
5FU	8	1	4	50	30	35
5FU	8	1	4	50	27	23
5FU	8	2	4	1	31	30
5FU	8	2	4	1	41	44
5FU	8	2	4	1	56	39
5FU	8	2	4	1	44	41
5FU	8	2	4	1	42	45
5FU	8	2	4	1	32	35
5FU	8	2	4	1	58	53
5FU	8	2	4	10	46	52
5FU	8	2	4	10	42	44
5FU	8	2	4	10	37	34
5FU	8	2	4	10	28	37
5FU	8	2	4	10	34	45
5FU	8	2	4	10	45	47
5FU	8	2	4	10	30	43
5FU	8	2	4	10	27	45
5FU	8	2	4	20	12	9
5FU	8	2	4	20	22	25
5FU	8	2	4	20	21	22
5FU	8	2	4	20	23	26
5FU	8	2	4	20	35	45
5FU	8	2	4	20	34	29
5FU	8	2	4	20	27	22
5FU	8	2	4	50	20	24
5FU	8	2	4	50	16	25
5FU	8	2	4	50	16	17
5FU	8	2	4	50	17	21
5FU	8	2	4	50	25	30
5FU	8	2	4	50	22	31
5FU	8	2	4	50	22	35
Control	8	1	0	0	31	166
Control	8	1	0	0	20	172
Control	8	1	0	0	28	150
Control	8	1	0	0	35	129
Control	8	1	0	0	26	114
Control	8	1	0	0	26	161
Control	8	1	0	0	36	172
Control	8	1	0	0	36	148
Control	8	1	0	0	50	121
Control	8	1	4	0	23	27
Control	8	1	4	0	34	33
Control	8	1	4	0	25	18
Control	8	1	4	0	30	20
Control	8	1	4	0	36	29
Control	8	1	4	0	33	23
Control	8	1	4	0	26	27
Control	8	1	4	0	26	20
Control	8	1	4	0	32	18
5FU	7	1	1	1	29	59
5FU	7	1	1	1	24	47
5FU	7	1	1	1	20	52
5FU	7	1	1	1	9	36
5FU	7	1	1	1	12	42
5FU	7	1	1	1	13	29
5FU	7	1	1	1	16	33
5FU	7	1	1	1	15	39
5FU	7	1	1	10	37	53
5FU	7	1	1	10	33	87
5FU	7	1	1	10	28	72
5FU	7	1	1	10	20	61
5FU	7	1	1	10	23	61
5FU	7	1	1	10	7	62
5FU	7	1	1	10	3	63
5FU	7	1	1	10	12	56
5FU	7	1	1	20	18	43
5FU	7	1	1	20	24	50
5FU	7	1	1	20	51	60
5FU	7	1	1	20	32	45
5FU	7	1	1	20	28	56
5FU	7	1	1	20	26	33
5FU	7	1	1	20	23	36
5FU	7	1	1	20	29	32
5FU	7	1	1	20	18	26
5FU	7	1	1	50	18	25
5FU	7	1	1	50	12	31
5FU	7	1	1	50	20	43
5FU	7	1	1	50	15	44
5FU	7	1	1	50	96	102
5FU	7	1	1	50	87	73
5FU	7	1	1	50	11	29
5FU	7	1	2	1	18	23
5FU	7	1	2	1	19	21
5FU	7	1	2	1	19	20
5FU	7	1	2	1	11	32
5FU	7	1	2	1	12	19
5FU	7	1	2	1	19	20
5FU	7	1	2	1	18	21
5FU	7	1	2	1	18	30
5FU	7	1	2	1	33	31
5FU	7	1	2	10	2	5
5FU	7	1	2	10	1	4
5FU	7	1	2	10	1	11
5FU	7	1	2	10	2	6
5FU	7	1	2	10	1	3
5FU	7	1	2	10	1	10
5FU	7	1	2	10	2	10
5FU	7	1	2	10	6	17
5FU	7	1	2	20	14	19
5FU	7	1	2	20	3	11
5FU	7	1	2	20	14	16
5FU	7	1	2	20	7	14
5FU	7	1	2	20	9	15
5FU	7	1	2	20	6	17
5FU	7	1	2	20	11	17
5FU	7	1	2	20	10	17
5FU	7	1	2	50	17	30
5FU	7	1	2	50	31	53
5FU	7	1	2	50	29	63
5FU	7	1	2	50	28	59
5FU	7	1	2	50	28	56
5FU	7	1	2	50	38	61
5FU	7	1	2	50	35	39
5FU	7	1	2	50	27	30
5FU	7	1	2	50	32	33
5FU	7	1	3	1	21	37
5FU	7	1	3	1	22	40
5FU	7	1	3	1	17	40
5FU	7	1	3	1	28	39
5FU	7	1	3	1	35	45
5FU	7	1	3	1	30	41
5FU	7	1	3	1	28	38
5FU	7	1	3	1	24	45
5FU	7	1	3	1	10	30
5FU	7	1	3	10	14	28
5FU	7	1	3	10	26	35
5FU	7	1	3	10	33	45
5FU	7	1	3	10	14	36
5FU	7	1	3	10	27	41
5FU	7	1	3	10	28	37
5FU	7	1	3	10	22	25
5FU	7	1	3	10	20	24
5FU	7	1	3	10	23	32
5FU	7	1	3	20	19	20
5FU	7	1	3	20	6	19
5FU	7	1	3	20	6	10
5FU	7	1	3	20	4	11
5FU	7	1	3	20	3	12
5FU	7	1	3	20	5	10
5FU	7	1	3	20	2	9
5FU	7	1	3	20	2	9
5FU	7	1	3	20	5	9
5FU	7	1	3	50	11	12
5FU	7	1	3	50	10	11
5FU	7	1	3	50	17	20
5FU	7	1	3	50	16	24
5FU	7	1	3	50	18	23
5FU	7	1	3	50	19	19
5FU	7	1	3	50	30	18
5FU	7	1	3	50	38	28
5FU	7	1	3	50	30	23
5FU	7	1	4	1	4	3
5FU	7	1	4	1	2	3
5FU	7	1	4	1	1	1
5FU	7	1	4	1	1	1
5FU	7	1	4	1	1	1
5FU	7	1	4	1	1	2
5FU	7	1	4	10	3	10
5FU	7	1	4	10	3	5
5FU	7	1	4	10	1	1
5FU	7	1	4	10	2	2
5FU	7	1	4	10	4	3
5FU	7	1	4	10	7	6
5FU	7	1	4	10	9	8
5FU	7	1	4	20	12	12
5FU	7	1	4	20	7	16
5FU	7	1	4	20	13	13
5FU	7	1	4	20	10	14
5FU	7	1	4	20	13	9
5FU	7	1	4	20	24	10
5FU	7	1	4	20	14	11
5FU	7	1	4	50	1	3
5FU	7	1	4	50	1	2
5FU	7	1	4	50	1	2
5FU	7	1	4	50	1	1
5FU	7	1	4	50	3	2
5FU	7	1	4	50	2	3
5FU	7	1	4	50	2	5
5FU	7	1	4	50	2	4
5FU	7	2	1	1	12	35
5FU	7	2	1	1	19	56
5FU	7	2	1	1	9	45
5FU	7	2	1	1	16	50
5FU	7	2	1	1	10	58
5FU	7	2	1	1	8	58
5FU	7	2	1	1	11	42
5FU	7	2	1	1	26	45
5FU	7	2	1	1	19	43
5FU	7	2	1	50	16	44
5FU	7	2	1	50	21	39
5FU	7	2	1	50	14	41
5FU	7	2	1	50	15	44
5FU	7	2	1	50	7	40
5FU	7	2	1	50	11	40
5FU	7	2	1	50	10	40
5FU	7	2	1	50	17	37
5FU	7	2	1	50	19	28
5FU	7	2	2	1	25	38
5FU	7	2	2	1	23	39
5FU	7	2	2	1	20	24
5FU	7	2	2	1	15	25
5FU	7	2	2	1	11	21
5FU	7	2	2	1	14	14
5FU	7	2	2	1	9	22
5FU	7	2	2	1	13	13
5FU	7	2	2	50	24	40
5FU	7	2	2	50	12	22
5FU	7	2	2	50	14	28
5FU	7	2	2	50	9	26
5FU	7	2	2	50	23	37
5FU	7	2	2	50	26	40
5FU	7	2	2	50	28	44
5FU	7	2	2	50	38	47
5FU	7	2	3	1	17	41
5FU	7	2	3	1	22	43
5FU	7	2	3	1	26	22
5FU	7	2	3	1	30	45
5FU	7	2	3	1	20	50
5FU	7	2	3	1	26	41
5FU	7	2	3	1	31	46
5FU	7	2	3	1	24	50
5FU	7	2	3	1	31	59
5FU	7	2	3	50	25	19
5FU	7	2	3	50	28	23
5FU	7	2	3	50	29	27
5FU	7	2	3	50	24	32
5FU	7	2	3	50	11	14
5FU	7	2	3	50	20	16
5FU	7	2	3	50	24	18
5FU	7	2	3	50	17	18
5FU	7	2	3	50	18	17
5FU	7	2	4	1	3	4
5FU	7	2	4	1	3	6
5FU	7	2	4	1	2	7
5FU	7	2	4	1	3	6
5FU	7	2	4	1	1	3
5FU	7	2	4	1	1	2
5FU	7	2	4	1	1	2
5FU	7	2	4	10	5	5
5FU	7	2	4	10	1	3
5FU	7	2	4	10	2	1
5FU	7	2	4	10	3	3
5FU	7	2	4	10	3	2
5FU	7	2	4	10	3	7
5FU	7	2	4	10	4	4
5FU	7	2	4	20	15	8
5FU	7	2	4	20	16	15
5FU	7	2	4	20	20	11
5FU	7	2	4	20	13	9
5FU	7	2	4	20	22	9
5FU	7	2	4	20	13	3
5FU	7	2	4	20	21	7
5FU	7	2	4	20	19	5
5FU	7	2	4	50	17	17
5FU	7	2	4	50	13	9
5FU	7	2	4	50	15	14
5FU	7	2	4	50	20	14
5FU	7	2	4	50	13	6
5FU	7	2	4	50	12	11
5FU	7	2	4	50	12	13
5FU	7	2	4	50	6	8
Control	7	1	0	0	21	174
Control	7	1	0	0	28	135
Control	7	1	0	0	23	111
Control	7	1	0	0	18	109
Control	7	1	0	0	13	114
Control	7	1	0	0	12	125
Control	7	1	0	0	18	147
Control	7	1	0	0	17	129
Control	7	1	0	0	19	139
Control	7	1	1	0	16	33
Control	7	1	1	0	9	35
Control	7	1	1	0	10	33
Control	7	1	1	0	23	36
Control	7	1	1	0	12	32
Control	7	1	1	0	16	36
Control	7	1	1	0	13	32
Control	7	1	1	0	9	21
Control	7	1	1	0	6	21
Control	7	1	2	0	55	42
Control	7	1	2	0	29	26
Control	7	1	2	0	18	27
Control	7	1	2	0	24	22
Control	7	1	2	0	16	35
Control	7	1	2	0	14	25
Control	7	1	2	0	9	17
Control	7	1	2	0	10	16
Control	7	1	2	0	21	22
Control	7	1	3	0	18	24
Control	7	1	3	0	30	31
Control	7	1	3	0	22	24
Control	7	1	3	0	25	28
Control	7	1	3	0	22	25
Control	7	1	3	0	25	24
Control	7	1	3	0	9	27
Control	7	1	3	0	28	34
Control	7	1	3	0	21	29
Control	7	1	4	0	12	10
Control	7	1	4	0	7	5
Control	7	1	4	0	6	5
Control	7	1	4	0	13	7
Control	7	1	4	0	7	4
Control	7	1	4	0	2	6
Control	7	1	4	0	4	3
Control	7	1	4	0	3	8
Control	7	1	4	0	5	4
Control	7	2	0	0	64	146
Control	7	2	0	0	60	118
Control	7	2	0	0	67	115
Control	7	2	0	0	78	121
Control	7	2	0	0	68	129
Control	7	2	0	0	46	125
Control	7	2	0	0	86	147
Control	7	2	0	0	68	141
Control	7	2	0	0	59	182
