Drug	Tumor	Replica	Day	Concentration	Number_dead	Number_live
Control	25	1	0	0	81	181
Control	25	1	0	0	67	203
Control	25	1	0	0	68	209
Control	25	1	0	0	59	198
Control	25	1	0	0	62	209
Control	25	1	0	0	66	205
Control	25	1	0	0	58	215
Control	25	1	0	0	81	220
Control	25	1	0	0	66	182
Control	25	2	0	0	79	242
Control	25	2	0	0	95	218
Control	25	2	0	0	81	233
Control	25	2	0	0	55	201
Control	25	2	0	0	45	222
Control	25	2	0	0	63	195
Control	25	2	0	0	67	231
Control	25	2	0	0	71	239
Control	25	1	2	0	160	280
Control	25	1	2	0	250	338
Control	25	1	2	0	241	336
Control	25	1	2	0	363	431
Control	25	1	2	0	272	410
Control	25	1	2	0	194	344
Control	25	1	2	0	231	323
Control	25	1	2	0	221	272
Control	25	1	2	0	210	281
Control	25	2	2	0	51	228
Control	25	2	2	0	73	223
Control	25	2	2	0	55	195
Control	25	2	2	0	55	197
Control	25	2	2	0	68	232
Control	25	2	2	0	163	260
Control	25	2	2	0	163	327
Control	25	2	2	0	198	371
Control	25	2	2	0	192	357
PTX	25	1	2	1	196	363
PTX	25	1	2	1	178	327
PTX	25	1	2	1	152	313
PTX	25	1	2	1	101	274
PTX	25	1	2	10	270	255
PTX	25	1	2	10	146	237
PTX	25	1	2	10	60	195
PTX	25	2	2	10	259	263
PTX	25	2	2	10	203	207
PTX	25	2	2	10	148	207
PTX	25	2	2	10	130	174
PTX	25	2	2	10	243	227
PTX	25	2	2	10	222	183
PTX	25	2	2	10	135	214
PTX	25	2	2	10	144	209
PTX	25	2	2	10	181	209
PTX	25	1	2	20	299	225
PTX	25	1	2	20	258	196
PTX	25	1	2	20	224	189
PTX	25	1	2	20	229	173
PTX	25	1	2	20	227	174
PTX	25	1	2	20	165	138
PTX	25	1	2	20	132	122
PTX	25	1	2	20	152	105
PTX	25	1	2	20	138	95
PTX	25	2	2	20	221	152
PTX	25	2	2	20	171	142
PTX	25	2	2	20	208	159
PTX	25	2	2	20	241	244
PTX	25	2	2	20	207	251
PTX	25	2	2	20	303	330
PTX	25	2	2	20	281	343
PTX	25	2	2	20	289	312
PTX	25	2	2	20	300	342
PTX	25	1	2	50	133	14
PTX	25	1	2	50	175	10
PTX	25	1	2	50	169	15
PTX	25	1	2	50	125	6
PTX	25	1	2	50	129	14
PTX	25	1	2	50	109	15
PTX	25	1	2	50	110	3
PTX	25	1	2	50	97	3
Control	25	1	3	0	201	250
Control	25	1	3	0	219	256
Control	25	1	3	0	212	247
Control	25	1	3	0	234	298
Control	25	1	3	0	239	286
Control	25	1	3	0	262	303
Control	25	1	3	0	274	321
Control	25	1	3	0	274	360
Control	25	1	3	0	301	346
Control	25	2	3	0	244	257
Control	25	2	3	0	210	265
Control	25	2	3	0	176	275
Control	25	2	3	0	158	270
Control	25	2	3	0	79	214
Control	25	2	3	0	83	241
Control	25	2	3	0	76	210
Control	25	2	3	0	74	206
Control	25	2	3	0	53	212
PTX	25	1	3	1	365	325
PTX	25	1	3	1	349	324
PTX	25	1	3	1	354	364
PTX	25	1	3	1	313	362
PTX	25	1	3	1	318	325
PTX	25	1	3	1	236	298
PTX	25	1	3	1	224	243
PTX	25	1	3	1	144	194
PTX	25	1	3	10	332	257
PTX	25	1	3	10	331	198
PTX	25	1	3	10	227	204
PTX	25	1	3	10	194	190
PTX	25	1	3	10	220	210
PTX	25	1	3	10	219	174
PTX	25	1	3	10	151	184
PTX	25	1	3	10	179	164
PTX	25	2	3	10	167	193
PTX	25	2	3	10	188	208
PTX	25	2	3	10	181	210
PTX	25	2	3	10	158	187
PTX	25	2	3	10	164	177
PTX	25	2	3	10	183	170
PTX	25	2	3	10	184	190
PTX	25	2	3	10	274	209
PTX	25	1	3	20	116	65
PTX	25	1	3	20	153	82
PTX	25	1	3	20	194	80
PTX	25	1	3	20	153	72
PTX	25	1	3	20	226	73
PTX	25	1	3	20	231	69
PTX	25	1	3	20	299	86
PTX	25	1	3	20	259	64
PTX	25	1	3	20	319	61
PTX	25	1	3	50	91	1
PTX	25	1	3	50	81	1
PTX	25	1	3	50	71	1
PTX	25	1	3	50	77	1
PTX	25	1	3	50	73	1
PTX	25	1	3	50	87	1
PTX	25	1	3	50	70	1
PTX	25	2	3	50	298	76
PTX	25	2	3	50	134	77
PTX	25	2	3	50	144	87
PTX	25	2	3	50	135	92
PTX	25	2	3	50	69	72
PTX	25	2	3	50	95	100
PTX	25	2	3	50	73	92
PTX	25	2	3	50	99	102
Control	25	1	4	0	86	96
Control	25	1	4	0	46	85
Control	25	1	4	0	46	84
Control	25	1	4	0	62	88
Control	25	1	4	0	81	100
Control	25	1	4	0	79	97
Control	25	1	4	0	57	106
Control	25	1	4	0	89	89
Control	25	1	4	0	99	121
Control	25	2	4	0	246	209
Control	25	2	4	0	129	140
Control	25	2	4	0	134	152
Control	25	2	4	0	90	122
Control	25	2	4	0	77	134
Control	25	2	4	0	92	143
Control	25	2	4	0	87	145
Control	25	2	4	0	128	146
Control	25	2	4	0	103	142
PTX	25	1	4	1	287	251
PTX	25	1	4	1	148	196
PTX	25	1	4	1	110	183
PTX	25	1	4	1	111	169
PTX	25	1	4	1	128	161
PTX	25	1	4	1	173	171
PTX	25	1	4	1	182	147
PTX	25	1	4	1	294	182
PTX	25	1	4	1	226	136
PTX	25	1	4	10	291	71
PTX	25	1	4	10	134	79
PTX	25	1	4	10	69	70
PTX	25	1	4	10	99	62
PTX	25	1	4	10	88	56
PTX	25	1	4	10	86	54
PTX	25	1	4	10	57	52
PTX	25	1	4	10	61	59
PTX	25	1	4	10	67	64
PTX	25	2	4	10	123	15
PTX	25	2	4	10	107	21
PTX	25	2	4	10	100	29
PTX	25	2	4	10	144	20
PTX	25	2	4	10	133	18
PTX	25	2	4	10	157	28
PTX	25	2	4	10	172	25
PTX	25	2	4	10	210	27
PTX	25	2	4	10	232	34
PTX	25	1	4	20	73	14
PTX	25	1	4	20	97	8
PTX	25	1	4	20	87	5
PTX	25	1	4	20	38	14
PTX	25	1	4	20	103	10
PTX	25	1	4	20	111	8
PTX	25	1	4	20	159	15
PTX	25	1	4	20	148	20
PTX	25	1	4	20	246	1
PTX	25	2	4	20	184	54
PTX	25	2	4	20	212	40
PTX	25	2	4	20	211	27
PTX	25	2	4	20	143	34
PTX	25	2	4	20	65	13
PTX	25	2	4	20	108	32
PTX	25	2	4	20	157	36
PTX	25	2	4	20	239	25
PTX	25	1	4	50	96	1
PTX	25	1	4	50	80	1
PTX	25	1	4	50	65	1
PTX	25	1	4	50	36	1
Control	26	1	0	0	549	885
Control	26	1	0	0	576	879
Control	26	1	0	0	536	843
Control	26	1	0	0	551	745
Control	26	1	0	0	463	772
Control	26	1	0	0	602	880
Control	26	1	0	0	589	877
Control	26	1	0	0	650	876
Control	26	1	0	0	622	851
Control	26	2	0	0	512	874
Control	26	2	0	0	420	803
Control	26	2	0	0	497	872
Control	26	2	0	0	517	910
Control	26	2	0	0	475	927
Control	26	2	0	0	460	856
Control	26	2	0	0	484	863
Control	26	2	0	0	511	811
Control	26	2	0	0	471	866
Control	26	1	2	0	253	346
Control	26	1	2	0	207	345
Control	26	1	2	0	138	327
Control	26	1	2	0	145	335
Control	26	1	2	0	123	291
Control	26	1	2	0	284	322
Control	26	1	2	0	334	357
Control	26	1	2	0	364	321
Control	26	1	2	0	355	390
Control	26	2	2	0	331	506
Control	26	2	2	0	304	470
Control	26	2	2	0	282	460
Control	26	2	2	0	232	419
Control	26	2	2	0	237	404
Control	26	2	2	0	170	368
Control	26	2	2	0	186	325
Control	26	2	2	0	195	309
PTX	26	1	2	1	553	512
PTX	26	1	2	1	544	492
PTX	26	1	2	1	509	436
PTX	26	1	2	1	477	460
PTX	26	1	2	1	499	448
PTX	26	1	2	1	563	490
PTX	26	1	2	1	513	424
PTX	26	1	2	1	603	462
PTX	26	1	2	1	539	472
PTX	26	1	2	10	480	426
PTX	26	1	2	10	549	441
PTX	26	1	2	10	598	451
PTX	26	1	2	10	607	457
PTX	26	1	2	10	578	425
PTX	26	1	2	10	612	436
PTX	26	1	2	10	555	419
PTX	26	1	2	10	539	418
PTX	26	1	2	10	410	412
PTX	26	2	2	10	580	464
PTX	26	2	2	10	480	466
PTX	26	2	2	10	534	466
PTX	26	2	2	10	506	456
PTX	26	2	2	10	537	484
PTX	26	2	2	10	481	436
PTX	26	2	2	10	534	490
PTX	26	2	2	10	566	563
PTX	26	2	2	10	580	550
PTX	26	1	2	20	605	446
PTX	26	1	2	20	642	457
PTX	26	1	2	20	617	468
PTX	26	1	2	20	649	467
PTX	26	1	2	20	620	467
PTX	26	1	2	20	612	444
PTX	26	1	2	20	583	432
PTX	26	1	2	20	518	426
PTX	26	1	2	20	456	402
PTX	26	2	2	20	333	257
PTX	26	2	2	20	253	278
PTX	26	2	2	20	287	261
PTX	26	2	2	20	248	318
PTX	26	2	2	20	264	302
PTX	26	2	2	20	336	300
PTX	26	2	2	20	375	351
PTX	26	2	2	20	424	313
PTX	26	1	2	50	427	76
PTX	26	1	2	50	493	92
PTX	26	1	2	50	498	107
PTX	26	1	2	50	481	95
PTX	26	1	2	50	486	95
PTX	26	1	2	50	487	115
PTX	26	1	2	50	446	93
PTX	26	1	2	50	459	81
PTX	26	1	2	50	452	78
Control	26	1	3	0	304	310
Control	26	1	3	0	207	229
Control	26	1	3	0	292	289
Control	26	1	3	0	275	291
Control	26	1	3	0	218	283
Control	26	1	3	0	247	255
Control	26	1	3	0	220	217
Control	26	1	3	0	202	279
Control	26	1	3	0	257	272
PTX	26	1	3	1	282	297
PTX	26	1	3	1	184	233
PTX	26	1	3	1	114	224
PTX	26	1	3	1	152	248
PTX	26	1	3	1	100	268
PTX	26	1	3	1	147	267
PTX	26	1	3	10	85	122
PTX	26	1	3	10	118	161
PTX	26	1	3	10	156	203
PTX	26	1	3	10	159	251
PTX	26	1	3	10	168	221
PTX	26	1	3	10	176	235
PTX	26	1	3	10	188	275
PTX	26	2	3	10	431	210
PTX	26	2	3	10	291	238
PTX	26	2	3	10	249	205
PTX	26	2	3	10	250	205
PTX	26	2	3	10	101	98
PTX	26	1	3	20	177	64
PTX	26	1	3	20	175	76
PTX	26	1	3	20	179	92
PTX	26	1	3	20	248	85
PTX	26	1	3	20	203	86
PTX	26	1	3	20	233	82
PTX	26	1	3	20	208	82
PTX	26	1	3	20	341	73
PTX	26	1	3	20	469	82
PTX	26	2	3	20	421	176
PTX	26	2	3	20	188	137
PTX	26	2	3	20	115	109
PTX	26	2	3	20	113	111
PTX	26	2	3	20	108	92
PTX	26	2	3	20	99	83
PTX	26	2	3	20	85	95
PTX	26	1	3	50	113	1
PTX	26	1	3	50	44	1
PTX	26	1	3	50	16	2
PTX	26	1	3	50	19	3
PTX	26	1	3	50	26	1
PTX	26	1	3	50	32	3
PTX	26	1	3	50	55	2
PTX	26	1	3	50	146	5
Control	26	1	4	0	186	127
Control	26	1	4	0	108	147
Control	26	1	4	0	77	167
Control	26	1	4	0	82	191
Control	26	1	4	0	154	192
Control	26	1	4	0	160	209
Control	26	1	4	0	444	426
Control	26	2	4	0	354	300
Control	26	2	4	0	212	236
Control	26	2	4	0	133	219
Control	26	2	4	0	140	183
PTX	26	1	4	1	625	290
PTX	26	1	4	1	528	128
PTX	26	1	4	1	397	45
PTX	26	1	4	1	205	50
PTX	26	1	4	1	195	34
PTX	26	1	4	1	202	24
PTX	26	1	4	1	333	28
PTX	26	1	4	1	430	37
PTX	26	1	4	1	427	32
PTX	26	2	4	1	467	125
PTX	26	2	4	1	281	111
PTX	26	2	4	1	188	98
PTX	26	2	4	1	166	92
PTX	26	2	4	1	121	98
PTX	26	2	4	1	78	71
PTX	26	2	4	1	134	89
PTX	26	2	4	1	364	241
PTX	26	2	4	1	444	286
PTX	26	1	4	10	466	231
PTX	26	1	4	10	405	209
PTX	26	1	4	10	383	167
PTX	26	1	4	10	289	110
PTX	26	1	4	10	250	91
PTX	26	1	4	10	204	66
PTX	26	1	4	10	153	55
PTX	26	1	4	10	259	62
PTX	26	1	4	10	289	41
PTX	26	2	4	10	231	231
PTX	26	2	4	10	209	209
PTX	26	2	4	10	167	167
PTX	26	2	4	10	110	110
PTX	26	2	4	10	91	91
PTX	26	2	4	10	66	66
PTX	26	2	4	10	55	55
PTX	26	2	4	10	62	62
PTX	26	2	4	10	41	41
PTX	26	1	4	20	306	3
PTX	26	1	4	20	346	8
PTX	26	1	4	20	316	9
PTX	26	1	4	20	307	11
PTX	26	1	4	20	299	16
PTX	26	1	4	20	249	6
PTX	26	1	4	20	253	5
PTX	26	1	4	20	131	9
PTX	26	1	4	20	117	9
PTX	26	2	4	20	208	12
PTX	26	2	4	20	189	26
PTX	26	2	4	20	173	19
PTX	26	2	4	20	210	29
PTX	26	2	4	20	233	47
PTX	26	2	4	20	231	40
PTX	26	2	4	20	216	45
PTX	26	2	4	20	254	68
PTX	26	2	4	20	355	99
PTX	26	1	4	50	313	1
PTX	26	1	4	50	254	1
PTX	26	1	4	50	245	1
PTX	26	1	4	50	189	4
PTX	26	1	4	50	222	2
PTX	26	1	4	50	222	1
PTX	26	2	4	50	313	1
PTX	26	2	4	50	254	1
PTX	26	2	4	50	245	1
PTX	26	2	4	50	189	4
PTX	26	2	4	50	222	2
PTX	26	2	4	50	222	1
Control	30	1	0	0	14	84
Control	30	1	0	0	25	95
Control	30	1	0	0	19	87
Control	30	1	0	0	10	100
Control	30	1	0	0	13	83
Control	30	1	0	0	20	86
Control	30	1	0	0	16	92
Control	30	1	0	0	15	49
Control	30	1	0	0	12	91
Control	30	2	0	0	14	69
Control	30	2	0	0	9	49
Control	30	2	0	0	7	84
Control	30	2	0	0	6	78
Control	30	2	0	0	16	71
Control	30	2	0	0	12	56
Control	30	2	0	0	34	77
Control	30	2	0	0	12	83
Control	30	2	0	0	8	74
Control	30	1	1	0	58	109
Control	30	1	1	0	39	121
Control	30	1	1	0	69	124
Control	30	1	1	0	42	105
Control	30	1	1	0	59	142
Control	30	1	1	0	51	138
Control	30	1	1	0	65	138
Control	30	1	1	0	57	113
Control	30	1	1	0	121	204
Control	30	2	1	0	143	239
Control	30	2	1	0	133	201
Control	30	2	1	0	131	193
Control	30	2	1	0	107	176
Control	30	2	1	0	123	166
Control	30	2	1	0	116	192
Control	30	2	1	0	101	178
Control	30	2	1	0	138	183
PTX	30	1	1	1	26	24
PTX	30	1	1	1	11	35
PTX	30	1	1	1	28	51
PTX	30	1	1	1	15	42
PTX	30	1	1	1	28	42
PTX	30	1	1	1	33	49
PTX	30	1	1	1	43	43
PTX	30	1	1	1	29	42
PTX	30	2	1	1	22	58
PTX	30	2	1	1	30	39
PTX	30	2	1	1	32	35
PTX	30	2	1	1	26	37
PTX	30	2	1	1	43	54
PTX	30	2	1	1	29	45
PTX	30	2	1	1	20	49
PTX	30	2	1	1	35	41
PTX	30	1	1	10	17	43
PTX	30	1	1	10	28	37
PTX	30	1	1	10	18	43
PTX	30	1	1	10	31	37
PTX	30	1	1	10	33	52
PTX	30	1	1	10	1	50
PTX	30	1	1	10	1	37
PTX	30	1	1	10	29	49
PTX	30	2	1	10	28	53
PTX	30	2	1	10	25	48
PTX	30	2	1	10	31	51
PTX	30	2	1	10	43	28
PTX	30	2	1	10	21	36
PTX	30	2	1	10	42	56
PTX	30	2	1	10	27	50
PTX	30	2	1	10	56	49
PTX	30	2	1	10	38	44
PTX	30	1	1	20	29	27
PTX	30	1	1	20	40	22
PTX	30	1	1	20	48	27
PTX	30	1	1	20	25	10
PTX	30	1	1	20	24	35
PTX	30	1	1	20	22	20
PTX	30	1	1	20	35	13
PTX	30	1	1	20	38	10
PTX	30	2	1	20	34	26
PTX	30	2	1	20	11	41
PTX	30	2	1	20	23	39
PTX	30	2	1	20	4	19
PTX	30	2	1	20	26	27
PTX	30	2	1	20	33	28
PTX	30	2	1	20	34	54
PTX	30	2	1	20	27	37
PTX	30	2	1	20	21	45
PTX	30	3	1	20	40	33
PTX	30	3	1	20	39	57
PTX	30	3	1	20	25	41
PTX	30	3	1	20	33	34
PTX	30	3	1	20	21	40
PTX	30	3	1	20	39	32
PTX	30	3	1	20	13	43
PTX	30	3	1	20	47	40
PTX	30	3	1	20	38	40
PTX	30	1	1	50	44	17
PTX	30	1	1	50	40	20
PTX	30	1	1	50	37	16
PTX	30	1	1	50	60	24
PTX	30	1	1	50	63	21
PTX	30	1	1	50	64	10
PTX	30	1	1	50	32	12
PTX	30	1	1	50	39	7
PTX	30	2	1	50	34	7
PTX	30	2	1	50	35	28
PTX	30	2	1	50	33	19
PTX	30	2	1	50	25	18
PTX	30	2	1	50	17	13
PTX	30	2	1	50	28	13
PTX	30	2	1	50	24	13
PTX	30	2	1	50	30	10
PTX	30	2	1	50	35	7
Control	30	1	2	0	22	59
Control	30	1	2	0	18	81
Control	30	1	2	0	21	92
Control	30	1	2	0	25	97
Control	30	1	2	0	42	83
Control	30	1	2	0	56	134
Control	30	1	2	0	103	169
Control	30	1	2	0	108	189
Control	30	1	2	0	106	189
Control	30	2	2	0	27	72
Control	30	2	2	0	22	83
Control	30	2	2	0	17	91
Control	30	2	2	0	82	176
Control	30	2	2	0	31	137
Control	30	2	2	0	35	111
Control	30	2	2	0	40	110
Control	30	2	2	0	50	121
Control	30	2	2	0	41	120
PTX	30	1	2	1	2	16
PTX	30	1	2	1	30	20
PTX	30	1	2	1	25	20
PTX	30	1	2	1	26	30
PTX	30	1	2	1	4	20
PTX	30	1	2	1	24	18
PTX	30	1	2	1	39	19
PTX	30	1	2	1	17	28
PTX	30	1	2	1	26	24
PTX	30	2	2	1	17	33
PTX	30	2	2	1	29	22
PTX	30	2	2	1	29	22
PTX	30	2	2	1	37	27
PTX	30	2	2	1	46	32
PTX	30	2	2	1	22	34
PTX	30	2	2	1	32	33
PTX	30	2	2	1	26	30
PTX	30	2	2	1	34	42
PTX	30	1	2	10	38	22
PTX	30	1	2	10	32	33
PTX	30	1	2	10	44	30
PTX	30	1	2	10	28	45
PTX	30	1	2	10	28	23
PTX	30	1	2	10	31	24
PTX	30	1	2	10	9	23
PTX	30	1	2	10	38	17
PTX	30	1	2	10	30	16
PTX	30	2	2	10	27	21
PTX	30	2	2	10	39	14
PTX	30	2	2	10	5	21
PTX	30	2	2	10	56	22
PTX	30	2	2	10	11	18
PTX	30	2	2	10	6	16
PTX	30	2	2	10	4	31
PTX	30	2	2	10	12	21
PTX	30	2	2	10	5	13
PTX	30	1	2	20	7	4
PTX	30	1	2	20	60	15
PTX	30	1	2	20	29	16
PTX	30	1	2	20	37	17
PTX	30	1	2	20	19	12
PTX	30	1	2	20	25	12
PTX	30	1	2	20	16	23
PTX	30	1	2	20	28	17
PTX	30	1	2	20	58	9
PTX	30	2	2	20	28	8
PTX	30	2	2	20	47	12
PTX	30	2	2	20	6	11
PTX	30	2	2	20	11	7
PTX	30	2	2	20	11	13
PTX	30	2	2	20	20	17
PTX	30	2	2	20	6	23
PTX	30	2	2	20	11	15
PTX	30	2	2	20	53	8
PTX	30	3	2	20	24	21
PTX	30	3	2	20	15	22
PTX	30	3	2	20	18	24
PTX	30	3	2	20	47	17
PTX	30	3	2	20	9	4
PTX	30	3	2	20	10	12
PTX	30	3	2	20	8	17
PTX	30	3	2	20	11	18
PTX	30	3	2	20	13	18
PTX	30	1	2	50	36	3
PTX	30	1	2	50	16	2
PTX	30	1	2	50	9	20
PTX	30	1	2	50	15	5
PTX	30	1	2	50	27	2
PTX	30	1	2	50	30	3
PTX	30	1	2	50	50	16
PTX	30	1	2	50	46	2
PTX	30	2	2	50	33	4
PTX	30	2	2	50	32	3
PTX	30	2	2	50	43	3
PTX	30	2	2	50	29	2
PTX	30	2	2	50	16	3
PTX	30	2	2	50	28	3
PTX	30	2	2	50	19	2
PTX	30	2	2	50	29	3
Control	30	1	3	0	35	64
Control	30	1	3	0	91	119
Control	30	1	3	0	71	113
Control	30	1	3	0	67	95
Control	30	1	3	0	71	77
Control	30	1	3	0	75	121
Control	30	1	3	0	75	103
Control	30	1	3	0	65	109
Control	30	1	3	0	62	94
Control	30	2	3	0	185	172
Control	30	2	3	0	137	116
Control	30	2	3	0	126	129
Control	30	2	3	0	110	110
Control	30	2	3	0	74	88
Control	30	2	3	0	69	88
Control	30	2	3	0	29	51
Control	30	2	3	0	34	64
Control	30	2	3	0	26	46
PTX	30	1	3	1	35	54
PTX	30	1	3	1	53	66
PTX	30	1	3	1	62	64
PTX	30	1	3	1	28	66
PTX	30	1	3	1	57	72
PTX	30	1	3	1	47	55
PTX	30	1	3	1	21	41
PTX	30	1	3	1	22	69
PTX	30	1	3	1	30	36
PTX	30	2	3	1	43	72
PTX	30	2	3	1	35	70
PTX	30	2	3	1	44	67
PTX	30	2	3	1	54	80
PTX	30	2	3	1	88	88
PTX	30	2	3	1	67	85
PTX	30	2	3	1	76	56
PTX	30	1	3	10	78	62
PTX	30	1	3	10	92	67
PTX	30	1	3	10	80	56
PTX	30	1	3	10	65	69
PTX	30	1	3	10	70	68
PTX	30	1	3	10	74	59
PTX	30	1	3	10	50	68
PTX	30	1	3	10	67	54
PTX	30	1	3	10	55	43
PTX	30	2	3	10	31	61
PTX	30	2	3	10	40	48
PTX	30	2	3	10	46	69
PTX	30	2	3	10	31	72
PTX	30	2	3	10	46	66
PTX	30	2	3	10	49	60
PTX	30	2	3	10	52	69
PTX	30	2	3	10	49	53
PTX	30	2	3	10	57	73
PTX	30	1	3	20	20	1
PTX	30	1	3	20	49	16
PTX	30	1	3	20	35	17
PTX	30	1	3	20	45	20
PTX	30	1	3	20	40	10
PTX	30	1	3	20	56	17
PTX	30	1	3	20	38	8
PTX	30	1	3	20	50	16
PTX	30	1	3	20	56	18
Control	30	1	4	0	65	68
Control	30	1	4	0	29	32
Control	30	1	4	0	18	24
Control	30	1	4	0	31	36
Control	30	1	4	0	25	35
Control	30	1	4	0	29	30
Control	30	1	4	0	28	42
Control	30	1	4	0	25	45
Control	30	1	4	0	28	33
Control	30	2	4	0	40	48
Control	30	2	4	0	55	73
Control	30	2	4	0	49	54
Control	30	2	4	0	69	63
Control	30	2	4	0	50	60
Control	30	2	4	0	64	65
Control	30	2	4	0	77	75
Control	30	2	4	0	75	97
Control	30	2	4	0	74	83
PTX	30	1	4	1	41	1
PTX	30	1	4	1	24	1
PTX	30	1	4	1	33	1
PTX	30	1	4	1	37	1
PTX	30	1	4	1	25	1
PTX	30	1	4	1	29	1
PTX	30	1	4	1	21	1
PTX	30	1	4	1	20	1
PTX	30	1	4	1	12	1
PTX	30	2	4	1	6	5
PTX	30	2	4	1	6	7
PTX	30	2	4	1	6	6
PTX	30	2	4	1	13	4
PTX	30	2	4	1	18	7
PTX	30	2	4	1	19	10
PTX	30	2	4	1	27	19
PTX	30	2	4	1	35	20
PTX	30	2	4	1	40	17
PTX	30	1	4	10	23	3
PTX	30	1	4	10	2	2
PTX	30	1	4	10	29	3
PTX	30	1	4	10	3	3
PTX	30	1	4	10	7	1
PTX	30	1	4	10	3	4
PTX	30	1	4	10	9	2
PTX	30	1	4	10	7	2
PTX	30	1	4	10	15	2
PTX	30	2	4	10	9	1
PTX	30	2	4	10	20	2
PTX	30	2	4	10	18	3
PTX	30	2	4	10	24	2
PTX	30	2	4	10	28	5
PTX	30	2	4	10	28	8
PTX	30	2	4	10	34	8
PTX	30	2	4	10	31	5
PTX	30	2	4	10	34	4
PTX	30	1	4	20	3	1
PTX	30	1	4	20	16	1
PTX	30	1	4	20	29	5
PTX	30	1	4	20	49	2
PTX	30	1	4	20	68	3
PTX	30	1	4	20	39	3
PTX	30	1	4	20	63	3
PTX	30	1	4	20	66	2
PTX	30	1	4	20	51	3
PTX	30	2	4	20	14	1
PTX	30	2	4	20	21	1
PTX	30	2	4	20	21	2
PTX	30	2	4	20	21	1
PTX	30	2	4	20	17	1
PTX	30	2	4	20	18	1
PTX	30	2	4	20	18	1
PTX	30	2	4	20	9	1
PTX	30	1	4	50	10	1
PTX	30	1	4	50	6	1
PTX	30	1	4	50	10	1
PTX	30	1	4	50	8	1
PTX	30	1	4	50	9	1
PTX	30	1	4	50	19	1
PTX	30	1	4	50	13	1
PTX	30	2	4	50	5	1
PTX	30	2	4	50	9	1
PTX	30	2	4	50	7	1
PTX	30	2	4	50	6	1
PTX	30	2	4	50	7	1
Control	31	1	0	0	77	399
Control	31	1	0	0	68	372
Control	31	1	0	0	59	366
Control	31	1	0	0	54	357
Control	31	1	0	0	51	379
Control	31	1	0	0	66	365
Control	31	1	0	0	93	343
Control	31	1	0	0	53	383
Control	31	1	0	0	58	372
Control	31	1	0	0	109	363
Control	31	2	0	0	107	369
Control	31	2	0	0	111	384
Control	31	2	0	0	142	413
Control	31	2	0	0	145	397
Control	31	2	0	0	169	383
Control	31	2	0	0	137	402
Control	31	2	0	0	149	402
Control	31	2	0	0	183	389
Control	31	1	1	0	27	251
Control	31	1	1	0	31	260
Control	31	1	1	0	33	347
Control	31	1	1	0	10	363
Control	31	1	1	0	5	331
Control	31	1	1	0	2	272
Control	31	1	1	0	8	211
Control	31	1	1	0	21	299
Control	31	2	1	0	15	301
Control	31	2	1	0	13	286
Control	31	2	1	0	7	291
Control	31	2	1	0	17	301
Control	31	2	1	0	19	333
Control	31	2	1	0	21	408
Control	31	2	1	0	36	381
Control	31	2	1	0	37	411
Control	31	2	1	0	33	391
PTX	31	1	1	1	81	176
PTX	31	1	1	1	34	194
PTX	31	1	1	1	15	166
PTX	31	1	1	1	18	183
PTX	31	1	1	1	11	190
PTX	31	1	1	1	8	147
PTX	31	1	1	1	11	314
PTX	31	1	1	1	6	346
PTX	31	1	1	1	15	361
PTX	31	2	1	1	30	389
PTX	31	2	1	1	18	413
PTX	31	2	1	1	17	352
PTX	31	2	1	1	7	378
PTX	31	2	1	1	10	360
PTX	31	2	1	1	4	369
PTX	31	2	1	1	8	327
PTX	31	1	1	10	24	397
PTX	31	1	1	10	15	380
PTX	31	1	1	10	8	327
PTX	31	1	1	10	5	266
PTX	31	1	1	10	5	290
PTX	31	1	1	10	5	279
PTX	31	1	1	10	1	268
PTX	31	1	1	10	8	331
PTX	31	1	1	10	7	335
PTX	31	2	1	10	34	332
PTX	31	2	1	10	30	360
PTX	31	2	1	10	31	383
PTX	31	2	1	10	22	342
PTX	31	2	1	10	12	272
PTX	31	2	1	10	7	183
PTX	31	2	1	10	3	128
PTX	31	2	1	10	13	145
PTX	31	1	1	20	34	332
PTX	31	1	1	20	30	360
PTX	31	1	1	20	31	383
PTX	31	1	1	20	22	342
PTX	31	1	1	20	12	272
PTX	31	1	1	20	7	183
PTX	31	1	1	20	3	128
PTX	31	1	1	20	13	145
PTX	31	2	1	20	13	158
PTX	31	2	1	20	30	20
PTX	31	2	1	20	40	44
PTX	31	2	1	20	37	87
PTX	31	2	1	20	50	84
PTX	31	2	1	20	63	103
PTX	31	2	1	20	60	123
PTX	31	2	1	20	61	140
PTX	31	2	1	20	92	188
PTX	31	1	1	50	346	398
PTX	31	1	1	50	200	394
PTX	31	1	1	50	189	305
PTX	31	1	1	50	200	303
PTX	31	1	1	50	147	273
PTX	31	1	1	50	180	282
PTX	31	1	1	50	132	274
PTX	31	1	1	50	188	273
PTX	31	1	1	50	132	237
Control	31	1	2	0	58	234
Control	31	1	2	0	62	261
Control	31	1	2	0	78	287
Control	31	1	2	0	63	258
Control	31	1	2	0	47	233
Control	31	1	2	0	35	204
Control	31	1	2	0	54	246
Control	31	1	2	0	26	246
Control	31	1	2	0	41	232
Control	31	2	2	0	59	235
Control	31	2	2	0	45	262
Control	31	2	2	0	62	285
Control	31	2	2	0	44	262
Control	31	2	2	0	38	239
Control	31	2	2	0	19	215
Control	31	2	2	0	46	250
Control	31	2	2	0	30	212
PTX	31	1	2	1	13	97
PTX	31	1	2	1	45	227
PTX	31	1	2	1	29	216
PTX	31	1	2	1	49	220
PTX	31	1	2	1	49	261
PTX	31	1	2	1	56	255
PTX	31	1	2	1	50	246
PTX	31	1	2	1	72	286
PTX	31	1	2	1	74	302
PTX	31	2	2	1	44	202
PTX	31	2	2	1	41	189
PTX	31	2	2	1	24	160
PTX	31	2	2	1	14	151
PTX	31	2	2	1	8	136
PTX	31	2	2	1	8	145
PTX	31	2	2	1	40	199
PTX	31	2	2	1	15	138
PTX	31	2	2	1	13	135
PTX	31	1	2	10	40	224
PTX	31	1	2	10	44	229
PTX	31	1	2	10	18	174
PTX	31	1	2	10	44	215
PTX	31	1	2	10	25	184
PTX	31	1	2	10	22	184
PTX	31	1	2	10	75	169
PTX	31	1	2	10	62	171
PTX	31	1	2	10	59	180
PTX	31	2	2	10	31	132
PTX	31	2	2	10	23	136
PTX	31	2	2	10	24	165
PTX	31	2	2	10	26	170
PTX	31	2	2	10	40	153
PTX	31	2	2	10	54	188
PTX	31	1	2	20	174	333
PTX	31	1	2	20	141	367
PTX	31	1	2	20	125	327
PTX	31	1	2	20	116	326
PTX	31	1	2	20	108	314
PTX	31	1	2	20	104	293
PTX	31	1	2	20	105	321
PTX	31	1	2	20	66	252
PTX	31	1	2	20	103	310
PTX	31	1	2	50	223	269
PTX	31	1	2	50	195	253
PTX	31	1	2	50	105	121
PTX	31	1	2	50	171	195
PTX	31	1	2	50	258	223
PTX	31	1	2	50	280	247
PTX	31	1	2	50	194	210
PTX	31	1	2	50	165	185
PTX	31	2	2	50	352	374
PTX	31	2	2	50	285	292
PTX	31	2	2	50	240	263
PTX	31	2	2	50	228	264
PTX	31	2	2	50	160	201
PTX	31	2	2	50	177	241
PTX	31	2	2	50	179	240
PTX	31	2	2	50	201	242
PTX	31	2	2	50	184	221
Control	31	1	3	0	47	200
Control	31	1	3	0	49	176
Control	31	1	3	0	17	152
Control	31	1	3	0	48	188
Control	31	1	3	0	49	176
Control	31	1	3	0	62	181
Control	31	1	3	0	63	166
Control	31	1	3	0	35	110
Control	31	2	3	0	90	143
Control	31	2	3	0	74	122
Control	31	2	3	0	70	155
Control	31	2	3	0	103	185
Control	31	2	3	0	103	199
Control	31	2	3	0	59	177
Control	31	2	3	0	64	195
Control	31	2	3	0	80	207
PTX	31	1	3	1	46	143
PTX	31	1	3	1	37	167
PTX	31	1	3	1	170	429
PTX	31	1	3	1	187	464
PTX	31	1	3	1	158	426
PTX	31	1	3	1	109	356
PTX	31	1	3	1	96	331
PTX	31	1	3	10	129	380
PTX	31	1	3	10	90	336
PTX	31	1	3	10	52	297
PTX	31	1	3	10	57	295
PTX	31	1	3	10	30	311
PTX	31	1	3	10	32	252
PTX	31	1	3	10	77	358
PTX	31	1	3	10	89	368
PTX	31	2	3	10	66	266
PTX	31	2	3	10	102	314
PTX	31	2	3	10	48	297
PTX	31	2	3	10	41	316
PTX	31	2	3	10	87	361
PTX	31	2	3	10	80	268
PTX	31	2	3	10	18	164
PTX	31	2	3	10	22	137
PTX	31	2	3	10	22	136
PTX	31	2	3	10	14	116
PTX	31	1	3	20	29	65
PTX	31	1	3	20	60	131
PTX	31	1	3	20	119	226
PTX	31	1	3	20	129	249
PTX	31	1	3	20	95	182
PTX	31	1	3	20	63	173
PTX	31	1	3	20	123	226
PTX	31	1	3	20	130	238
PTX	31	1	3	50	152	45
PTX	31	1	3	50	75	193
PTX	31	1	3	50	200	138
PTX	31	1	3	50	175	154
PTX	31	1	3	50	175	147
PTX	31	1	3	50	185	143
PTX	31	1	3	50	162	108
PTX	31	1	3	50	144	140
PTX	31	1	3	50	168	144
PTX	31	2	3	50	181	33
PTX	31	2	3	50	50	70
PTX	31	2	3	50	87	83
PTX	31	2	3	50	134	139
PTX	31	2	3	50	161	143
PTX	31	2	3	50	164	127
PTX	31	2	3	50	145	41
PTX	31	2	3	50	65	127
PTX	31	2	3	50	153	92
Control	31	1	4	0	124	124
Control	31	1	4	0	36	122
Control	31	1	4	0	58	149
Control	31	1	4	0	56	123
Control	31	1	4	0	31	155
Control	31	1	4	0	50	152
Control	31	1	4	0	44	142
Control	31	1	4	0	41	86
Control	31	1	4	0	25	131
Control	31	2	4	0	27	142
Control	31	2	4	0	72	169
Control	31	2	4	0	79	141
Control	31	2	4	0	74	134
Control	31	2	4	0	71	147
Control	31	2	4	0	79	172
Control	31	2	4	0	72	146
Control	31	2	4	0	98	152
Control	31	2	4	0	101	141
PTX	31	1	4	1	105	141
PTX	31	1	4	1	78	141
PTX	31	1	4	1	41	151
PTX	31	1	4	1	63	127
PTX	31	1	4	1	42	120
PTX	31	1	4	1	29	132
PTX	31	1	4	1	33	135
PTX	31	1	4	1	41	119
PTX	31	1	4	1	47	126
PTX	31	2	4	1	39	151
PTX	31	2	4	1	22	133
PTX	31	2	4	1	45	107
PTX	31	2	4	1	27	101
PTX	31	2	4	1	21	101
PTX	31	2	4	1	17	111
PTX	31	2	4	1	24	98
PTX	31	2	4	1	20	107
PTX	31	2	4	1	30	151
PTX	31	1	4	10	72	96
PTX	31	1	4	10	46	166
PTX	31	1	4	10	74	140
PTX	31	1	4	10	44	107
PTX	31	1	4	10	35	132
PTX	31	1	4	10	45	129
PTX	31	1	4	10	53	102
PTX	31	1	4	10	54	122
PTX	31	1	4	10	41	74
PTX	31	1	4	10	38	94
PTX	31	1	4	10	69	119
PTX	31	1	4	10	54	62
PTX	31	1	4	10	23	134
PTX	31	1	4	10	65	81
PTX	31	1	4	10	42	113
PTX	31	1	4	10	53	115
PTX	31	1	4	10	64	107
PTX	31	1	4	10	47	93
PTX	31	1	4	20	41	47
PTX	31	1	4	20	42	141
PTX	31	1	4	20	94	140
PTX	31	1	4	20	59	112
PTX	31	1	4	20	71	71
PTX	31	1	4	20	45	79
PTX	31	1	4	20	39	74
PTX	31	1	4	20	58	88
PTX	31	1	4	20	75	78
PTX	31	1	4	50	60	33
PTX	31	1	4	50	62	19
PTX	31	1	4	50	58	42
PTX	31	1	4	50	71	40
PTX	31	1	4	50	68	9
PTX	31	1	4	50	27	45
PTX	31	1	4	50	55	49
PTX	31	1	4	50	65	47
PTX	31	1	4	50	54	67
PTX	31	2	4	50	79	47
PTX	31	2	4	50	100	97
PTX	31	2	4	50	134	39
PTX	31	2	4	50	70	23
PTX	31	2	4	50	55	47
PTX	31	2	4	50	67	72
PTX	31	2	4	50	88	95
PTX	31	2	4	50	89	53
PTX	31	2	4	50	83	50
Control	35	1	0	0	75	137
Control	35	1	0	0	26	171
Control	35	1	0	0	10	152
Control	35	1	0	0	14	130
Control	35	1	0	0	14	128
Control	35	1	0	0	11	128
Control	35	1	0	0	7	141
Control	35	1	0	0	12	133
Control	35	1	0	0	17	165
Control	35	1	1	0	305	1
Control	35	1	1	0	318	1
Control	35	1	1	0	16	238
Control	35	1	1	0	5	203
Control	35	1	1	0	1	108
Control	35	1	1	0	1	79
Control	35	1	1	0	8	136
Control	35	1	1	0	8	197
Control	35	1	1	0	4	200
Control	35	1	1	0	3	254
Control	35	1	1	0	8	275
Control	35	1	2	0	61	287
Control	35	1	2	0	40	319
Control	35	1	3	0	18	62
Control	35	1	3	0	12	53
Control	35	1	3	0	11	49
Control	35	1	3	0	10	38
Control	35	1	3	0	12	23
Control	35	1	3	0	12	27
Control	35	1	3	0	11	19
Control	35	1	3	0	3	17
Control	35	1	3	0	1	12
Control	35	1	4	0	117	140
Control	35	1	4	0	70	135
Control	35	1	4	0	52	132
Control	35	1	4	0	47	112
Control	35	1	4	0	40	127
Control	35	1	4	0	35	106
Control	35	1	4	0	40	103
Control	35	1	4	0	36	90
Control	35	1	4	0	31	74
Control	35	2	0	0	108	188
Control	35	2	0	0	78	170
Control	35	2	0	0	51	170
Control	35	2	0	0	30	172
Control	35	2	0	0	18	179
Control	35	2	0	0	25	205
Control	35	2	0	0	39	176
Control	35	2	0	0	36	180
Control	35	2	0	0	50	199
Control	35	2	1	0	17	203
Control	35	2	1	0	7	169
Control	35	2	1	0	1	41
Control	35	2	1	0	6	190
Control	35	2	1	0	2	140
Control	35	2	1	0	1	121
Control	35	2	1	0	1	48
Control	35	2	1	0	1	12
Control	35	2	1	0	1	1
Control	35	2	2	0	56	281
Control	35	2	2	0	40	273
Control	35	2	2	0	81	311
Control	35	2	2	0	49	281
Control	35	2	2	0	77	373
Control	35	2	2	0	20	272
Control	35	2	2	0	8	25
Control	35	2	2	0	18	305
Control	35	2	2	0	34	327
Control	35	2	4	0	17	34
Control	35	2	4	0	8	26
Control	35	2	4	0	5	39
Control	35	2	4	0	9	37
Control	35	2	4	0	9	34
Control	35	2	4	0	8	33
Control	35	2	4	0	17	47
Control	35	2	4	0	12	38
Control	35	2	4	0	13	37
PTX	35	1	1	1	7	100
PTX	35	1	1	1	15	111
PTX	35	1	1	1	13	161
PTX	35	1	1	1	17	148
PTX	35	1	1	1	40	195
PTX	35	1	1	1	39	197
PTX	35	1	1	1	34	212
PTX	35	1	1	1	16	97
PTX	35	1	1	1	64	165
PTX	35	1	1	10	101	183
PTX	35	1	1	10	71	155
PTX	35	1	1	10	54	158
PTX	35	1	1	10	20	82
PTX	35	1	1	10	14	25
PTX	35	1	1	10	4	9
PTX	35	1	1	10	1	1
PTX	35	1	1	10	1	5
PTX	35	1	1	20	54	1
PTX	35	1	1	20	142	1
PTX	35	1	1	20	40	1
PTX	35	1	1	20	3	1
PTX	35	1	1	20	1	1
PTX	35	1	1	20	45	1
PTX	35	1	1	20	86	2
PTX	35	1	1	50	2	1
PTX	35	1	1	50	20	23
PTX	35	1	1	50	29	32
PTX	35	1	1	50	23	47
PTX	35	1	1	50	25	27
PTX	35	1	1	50	25	37
PTX	35	1	1	50	20	23
PTX	35	1	1	50	79	72
PTX	35	1	1	50	95	106
PTX	35	1	2	1	3	5
PTX	35	1	2	1	9	53
PTX	35	1	2	1	23	101
PTX	35	1	2	1	29	89
PTX	35	1	2	1	13	66
PTX	35	1	2	1	38	73
PTX	35	1	2	1	13	54
PTX	35	1	2	1	1	1
PTX	35	1	2	10	54	32
PTX	35	1	2	10	234	163
PTX	35	1	2	10	242	175
PTX	35	1	2	10	252	167
PTX	35	1	2	10	286	215
PTX	35	1	2	10	260	197
PTX	35	1	2	10	149	118
PTX	35	1	2	10	291	226
PTX	35	1	2	10	250	202
PTX	35	1	2	20	1	1
PTX	35	1	2	20	7	1
PTX	35	1	2	20	4	1
PTX	35	1	2	20	7	1
PTX	35	1	2	20	4	1
PTX	35	1	2	20	3	1
PTX	35	1	2	20	1	1
PTX	35	1	2	50	1	1
PTX	35	1	2	50	21	8
PTX	35	1	2	50	59	17
PTX	35	1	2	50	69	20
PTX	35	1	2	50	74	24
PTX	35	1	2	50	84	18
PTX	35	1	2	50	75	17
PTX	35	1	2	50	49	7
PTX	35	1	2	50	4	1
PTX	35	1	3	1	81	91
PTX	35	1	3	1	32	74
PTX	35	1	3	1	30	80
PTX	35	1	3	1	24	79
PTX	35	1	3	1	19	91
PTX	35	1	3	1	20	86
PTX	35	1	3	1	17	83
PTX	35	1	3	1	22	106
PTX	35	1	3	1	19	99
PTX	35	1	3	10	170	102
PTX	35	1	3	10	168	93
PTX	35	1	3	10	240	120
PTX	35	1	3	10	278	158
PTX	35	1	3	10	378	232
PTX	35	1	3	10	335	189
PTX	35	1	3	10	306	127
PTX	35	1	3	10	291	108
PTX	35	1	3	10	228	64
PTX	35	1	3	20	17	1
PTX	35	1	3	20	8	1
PTX	35	1	3	20	4	1
PTX	35	1	3	20	2	1
PTX	35	1	3	20	1	1
PTX	35	1	3	20	3	1
PTX	35	1	3	20	5	1
PTX	35	1	3	20	3	1
PTX	35	1	3	50	192	108
PTX	35	1	3	50	178	95
PTX	35	1	3	50	139	109
PTX	35	1	3	50	177	106
PTX	35	1	3	50	160	87
PTX	35	1	3	50	172	84
PTX	35	1	3	50	190	97
PTX	35	1	3	50	263	168
PTX	35	1	3	50	186	116
PTX	35	1	4	1	123	40
PTX	35	1	4	1	60	27
PTX	35	1	4	1	56	34
PTX	35	1	4	1	21	18
PTX	35	1	4	1	38	19
PTX	35	1	4	1	26	14
PTX	35	1	4	1	35	16
PTX	35	1	4	1	20	17
PTX	35	1	4	1	29	20
PTX	35	1	4	10	30	3
PTX	35	1	4	10	28	8
PTX	35	1	4	10	22	6
PTX	35	1	4	10	14	3
PTX	35	1	4	10	86	9
PTX	35	1	4	10	74	17
PTX	35	1	4	10	94	22
PTX	35	1	4	10	85	18
PTX	35	1	4	10	132	16
PTX	35	1	4	20	25	1
PTX	35	1	4	20	111	1
PTX	35	1	4	20	234	1
PTX	35	1	4	20	122	1
PTX	35	1	4	20	39	1
PTX	35	1	4	20	8	1
PTX	35	1	4	20	6	1
PTX	35	1	4	20	7	1
PTX	35	1	4	50	55	4
PTX	35	1	4	50	12	3
PTX	35	1	4	50	3	2
PTX	35	1	4	50	23	1
PTX	35	1	4	50	21	6
PTX	35	1	4	50	17	1
PTX	35	1	4	50	15	1
PTX	35	1	4	50	9	2
PTX	35	2	1	1	2	2
PTX	35	2	1	1	1	2
PTX	35	2	1	1	1	3
PTX	35	2	1	1	2	6
PTX	35	2	1	1	6	25
PTX	35	2	1	1	12	35
PTX	35	2	1	1	24	55
PTX	35	2	1	1	57	124
PTX	35	2	1	20	260	4
PTX	35	2	1	20	185	1
PTX	35	2	1	20	105	1
PTX	35	2	1	20	85	1
PTX	35	2	1	20	61	1
PTX	35	2	1	20	57	1
PTX	35	2	1	20	56	1
PTX	35	2	1	20	97	2
PTX	35	2	1	50	20	90
PTX	35	2	1	50	8	82
PTX	35	2	1	50	2	45
PTX	35	2	1	50	3	47
PTX	35	2	1	50	1	28
PTX	35	2	1	50	5	15
PTX	35	2	1	50	1	16
PTX	35	2	2	10	42	11
PTX	35	2	2	10	110	37
PTX	35	2	2	10	142	46
PTX	35	2	2	10	143	79
PTX	35	2	2	10	124	82
PTX	35	2	2	10	135	89
PTX	35	2	2	10	109	60
PTX	35	2	2	10	33	7
PTX	35	2	2	50	4	1
PTX	35	2	2	50	58	5
PTX	35	2	2	50	63	4
PTX	35	2	2	50	71	9
PTX	35	2	2	50	47	6
PTX	35	2	2	50	33	5
PTX	35	2	2	50	8	1
PTX	35	2	2	50	38	4
PTX	35	2	3	1	26	115
PTX	35	2	3	1	11	89
PTX	35	2	3	1	7	34
PTX	35	2	3	1	10	33
PTX	35	2	3	1	7	23
PTX	35	2	3	1	6	25
PTX	35	2	3	1	5	21
PTX	35	2	3	1	3	14
PTX	35	2	3	1	3	17
PTX	35	2	3	10	139	27
PTX	35	2	3	10	51	52
PTX	35	2	3	10	18	23
PTX	35	2	3	10	8	11
PTX	35	2	3	10	13	14
PTX	35	2	3	10	7	17
PTX	35	2	3	10	15	19
PTX	35	2	3	10	4	26
PTX	35	2	3	10	4	37
PTX	35	2	4	1	88	36
PTX	35	2	4	1	61	38
PTX	35	2	4	1	51	35
PTX	35	2	4	1	46	53
PTX	35	2	4	1	38	44
PTX	35	2	4	1	33	38
PTX	35	2	4	1	48	31
PTX	35	2	4	1	98	57
PTX	35	2	4	1	43	53
PTX	35	2	4	10	77	12
PTX	35	2	4	10	65	12
PTX	35	2	4	10	72	15
PTX	35	2	4	10	86	13
PTX	35	2	4	10	45	9
PTX	35	2	4	10	64	8
PTX	35	2	4	10	46	9
PTX	35	2	4	10	62	7
PTX	35	2	4	10	56	3
