Drug	Tumor	Replica	Day	Concentration	Number_dead	Number_live
Control	20	1	0	0	20	269
Control	20	1	0	0	37	247
Control	20	1	0	0	31	258
Control	20	1	0	0	27	239
Control	20	1	0	0	20	216
Control	20	1	0	0	17	204
Control	20	1	0	0	20	210
Control	20	1	0	0	20	205
Control	20	1	0	0	20	239
Control	20	2	0	0	33	245
Control	20	2	0	0	22	216
Control	20	2	0	0	12	197
Control	20	2	0	0	20	211
Control	20	2	0	0	14	183
Control	20	2	0	0	15	206
Control	20	2	0	0	18	214
Control	20	2	0	0	18	209
Control	20	2	0	0	35	196
Control	20	1	2	0	19	83
Control	20	1	2	0	34	99
Control	20	1	2	0	34	97
Control	20	1	2	0	55	96
Control	20	1	2	0	54	80
Control	20	1	2	0	33	84
Control	20	1	2	0	50	71
Control	20	1	2	0	58	99
Control	20	1	2	0	71	111
Control	20	2	2	0	165	177
Control	20	2	2	0	144	151
Control	20	2	2	0	149	141
Control	20	2	2	0	138	162
Control	20	2	2	0	172	143
Control	20	2	2	0	115	166
Control	20	2	2	0	200	182
Control	20	2	2	0	113	152
Control	20	2	2	0	144	170
5FU	20	1	2	1	20	39
5FU	20	1	2	1	20	41
5FU	20	1	2	1	14	43
5FU	20	1	2	1	26	72
5FU	20	1	2	1	106	126
5FU	20	1	2	1	101	131
5FU	20	1	2	1	110	135
5FU	20	1	2	1	69	119
5FU	20	1	2	1	101	133
5FU	20	2	2	1	80	110
5FU	20	2	2	1	107	142
5FU	20	2	2	1	115	120
5FU	20	2	2	1	87	121
5FU	20	2	2	1	109	141
5FU	20	2	2	1	136	156
5FU	20	2	2	1	109	146
5FU	20	2	2	1	101	122
5FU	20	2	2	1	57	96
5FU	20	1	2	10	87	143
5FU	20	1	2	10	62	118
5FU	20	1	2	10	78	130
5FU	20	1	2	10	58	130
5FU	20	1	2	10	79	122
5FU	20	1	2	10	79	117
5FU	20	1	2	10	76	122
5FU	20	1	2	10	59	95
5FU	20	1	2	10	80	130
5FU	20	2	2	10	81	144
5FU	20	2	2	10	75	131
5FU	20	2	2	10	63	104
5FU	20	2	2	10	49	105
5FU	20	2	2	10	64	112
5FU	20	2	2	10	43	106
5FU	20	2	2	10	55	131
5FU	20	2	2	10	54	100
5FU	20	2	2	10	64	141
5FU	20	1	2	20	82	93
5FU	20	1	2	20	56	131
5FU	20	1	2	20	76	133
5FU	20	1	2	20	77	123
5FU	20	1	2	20	67	103
5FU	20	1	2	20	95	139
5FU	20	1	2	20	105	124
5FU	20	1	2	20	128	145
5FU	20	1	2	20	139	147
5FU	20	2	2	20	128	132
5FU	20	2	2	20	120	121
5FU	20	2	2	20	141	136
5FU	20	2	2	20	110	139
5FU	20	2	2	20	148	117
5FU	20	2	2	20	113	136
5FU	20	2	2	20	104	112
5FU	20	2	2	20	98	134
5FU	20	2	2	20	88	119
5FU	20	1	2	50	97	88
5FU	20	1	2	50	108	108
5FU	20	1	2	50	94	127
5FU	20	1	2	50	138	125
5FU	20	1	2	50	154	135
5FU	20	1	2	50	139	118
5FU	20	1	2	50	173	132
5FU	20	1	2	50	226	164
5FU	20	1	2	50	139	114
Control	20	1	3	0	256	284
Control	20	1	3	0	95	158
Control	20	1	3	0	63	139
Control	20	1	3	0	42	136
Control	20	1	3	0	28	130
Control	20	1	3	0	10	119
Control	20	1	3	0	13	105
Control	20	1	3	0	17	114
Control	20	1	3	0	42	107
Control	20	2	3	0	36	157
Control	20	2	3	0	28	179
Control	20	2	3	0	31	163
Control	20	2	3	0	55	146
Control	20	2	3	0	43	166
Control	20	2	3	0	55	159
Control	20	2	3	0	58	169
Control	20	2	3	0	59	186
Control	20	2	3	0	69	172
5FU	20	1	3	1	62	130
5FU	20	1	3	1	19	124
5FU	20	1	3	1	6	93
5FU	20	1	3	1	6	95
5FU	20	1	3	1	5	110
5FU	20	1	3	1	6	61
5FU	20	1	3	1	7	56
5FU	20	1	3	1	7	50
5FU	20	2	3	1	63	124
5FU	20	2	3	1	58	160
5FU	20	2	3	1	84	159
5FU	20	2	3	1	68	156
5FU	20	2	3	1	68	156
5FU	20	2	3	1	80	183
5FU	20	2	3	1	113	187
5FU	20	2	3	1	53	144
5FU	20	3	3	1	46	133
5FU	20	3	3	1	63	117
5FU	20	3	3	1	53	131
5FU	20	3	3	1	51	134
5FU	20	3	3	1	39	129
5FU	20	3	3	1	51	129
5FU	20	3	3	1	28	125
5FU	20	3	3	1	28	84
5FU	20	3	3	1	24	95
5FU	20	1	3	10	43	115
5FU	20	1	3	10	43	115
5FU	20	1	3	10	26	75
5FU	20	1	3	10	40	76
5FU	20	1	3	10	20	64
5FU	20	1	3	10	12	36
5FU	20	1	3	10	15	37
5FU	20	1	3	10	13	37
5FU	20	2	3	10	62	69
5FU	20	2	3	10	38	116
5FU	20	2	3	10	7	89
5FU	20	2	3	10	9	126
5FU	20	2	3	10	18	135
5FU	20	2	3	10	22	100
5FU	20	2	3	10	24	156
5FU	20	2	3	10	59	160
5FU	20	2	3	10	81	155
5FU	20	1	3	20	93	160
5FU	20	1	3	20	136	113
5FU	20	1	3	20	183	99
5FU	20	1	3	20	65	118
5FU	20	1	3	20	57	85
5FU	20	1	3	20	55	104
5FU	20	1	3	20	58	79
5FU	20	1	3	20	66	94
5FU	20	1	3	20	158	118
5FU	20	2	3	20	97	81
5FU	20	2	3	20	47	84
5FU	20	2	3	20	25	55
5FU	20	2	3	20	42	97
5FU	20	2	3	20	35	83
5FU	20	2	3	20	30	115
5FU	20	2	3	20	44	80
5FU	20	2	3	20	42	89
5FU	20	2	3	20	102	95
5FU	20	1	3	50	54	105
5FU	20	1	3	50	110	120
5FU	20	1	3	50	102	102
5FU	20	1	3	50	171	114
5FU	20	1	3	50	145	107
5FU	20	1	3	50	170	126
5FU	20	1	3	50	125	123
5FU	20	1	3	50	135	112
5FU	20	1	3	50	169	114
5FU	20	2	3	50	137	96
5FU	20	2	3	50	199	101
5FU	20	2	3	50	176	118
5FU	20	2	3	50	148	141
5FU	20	2	3	50	151	111
5FU	20	2	3	50	148	137
5FU	20	2	3	50	173	117
5FU	20	2	3	50	167	142
5FU	20	2	3	50	165	111
Control	20	1	4	0	28	111
Control	20	1	4	0	28	91
Control	20	1	4	0	14	73
Control	20	1	4	0	13	66
Control	20	1	4	0	9	68
Control	20	1	4	0	9	78
Control	20	1	4	0	41	68
Control	20	1	4	0	26	69
Control	20	1	4	0	20	63
Control	20	2	4	0	39	64
Control	20	2	4	0	19	63
Control	20	2	4	0	11	59
Control	20	2	4	0	22	50
Control	20	2	4	0	35	43
Control	20	2	4	0	32	36
Control	20	2	4	0	23	55
Control	20	2	4	0	37	64
Control	20	2	4	0	42	75
5FU	20	1	4	1	142	90
5FU	20	1	4	1	99	85
5FU	20	1	4	1	112	76
5FU	20	1	4	1	102	96
5FU	20	1	4	1	98	73
5FU	20	1	4	1	87	63
5FU	20	1	4	1	46	76
5FU	20	1	4	1	83	65
5FU	20	1	4	1	109	82
5FU	20	2	4	1	63	67
5FU	20	2	4	1	38	62
5FU	20	2	4	1	24	58
5FU	20	2	4	1	31	54
5FU	20	2	4	1	32	72
5FU	20	2	4	1	48	50
5FU	20	2	4	1	70	76
5FU	20	2	4	1	73	76
5FU	20	2	4	1	32	31
5FU	20	1	4	10	246	140
5FU	20	1	4	10	232	116
5FU	20	1	4	10	212	133
5FU	20	1	4	10	170	130
5FU	20	1	4	10	206	136
5FU	20	1	4	10	225	120
5FU	20	1	4	10	157	106
5FU	20	1	4	10	139	96
5FU	20	1	4	10	182	113
5FU	20	2	4	10	79	56
5FU	20	2	4	10	44	72
5FU	20	2	4	10	34	69
5FU	20	2	4	10	44	82
5FU	20	2	4	10	59	94
5FU	20	2	4	10	102	83
5FU	20	2	4	10	87	92
5FU	20	2	4	10	64	77
5FU	20	2	4	10	90	78
5FU	20	1	4	20	43	61
5FU	20	1	4	20	81	59
5FU	20	1	4	20	51	52
5FU	20	1	4	20	38	71
5FU	20	1	4	20	55	50
5FU	20	1	4	20	47	63
5FU	20	1	4	20	41	63
5FU	20	1	4	20	41	72
5FU	20	1	4	20	53	55
5FU	20	2	4	20	178	92
5FU	20	2	4	20	114	82
5FU	20	2	4	20	132	75
5FU	20	2	4	20	101	76
5FU	20	2	4	20	93	58
5FU	20	2	4	20	78	64
5FU	20	2	4	20	51	61
5FU	20	2	4	20	62	78
5FU	20	2	4	20	115	72
5FU	20	1	4	50	77	38
5FU	20	1	4	50	61	36
5FU	20	1	4	50	67	52
5FU	20	1	4	50	71	41
5FU	20	1	4	50	52	39
5FU	20	1	4	50	92	35
5FU	20	1	4	50	104	42
5FU	20	1	4	50	92	35
5FU	20	2	4	50	151	36
Control	21	1	0	0	17	306
Control	21	1	0	0	11	235
Control	21	1	0	0	2	284
Control	21	1	0	0	7	297
Control	21	1	0	0	3	263
Control	21	1	0	0	3	252
Control	21	1	0	0	5	277
Control	21	1	0	0	8	316
Control	21	1	0	0	11	272
Control	21	2	0	0	11	272
Control	21	2	0	0	6	284
Control	21	2	0	0	7	323
Control	21	2	0	0	4	314
Control	21	2	0	0	16	310
Control	21	2	0	0	5	275
Control	21	2	0	0	9	312
Control	21	2	0	0	9	313
Control	21	2	0	0	14	321
Control	21	1	1	0	89	280
Control	21	1	1	0	82	282
Control	21	1	1	0	86	243
Control	21	1	1	0	91	273
Control	21	1	1	0	65	262
Control	21	1	1	0	63	231
Control	21	1	1	0	86	251
Control	21	1	1	0	57	234
Control	21	1	1	0	80	241
Control	21	2	1	0	11	117
Control	21	2	1	0	21	148
Control	21	2	1	0	19	152
Control	21	2	1	0	30	156
Control	21	2	1	0	31	161
Control	21	2	1	0	28	175
Control	21	2	1	0	28	206
Control	21	2	1	0	27	163
Control	21	2	1	0	25	193
5FU	21	1	1	1	33	184
5FU	21	1	1	1	21	192
5FU	21	1	1	1	26	198
5FU	21	1	1	1	19	186
5FU	21	1	1	1	13	163
5FU	21	1	1	1	22	150
5FU	21	1	1	1	15	173
5FU	21	1	1	1	16	164
5FU	21	1	1	1	24	163
5FU	21	2	1	1	74	239
5FU	21	2	1	1	62	202
5FU	21	2	1	1	46	188
5FU	21	2	1	1	61	231
5FU	21	2	1	1	63	219
5FU	21	2	1	1	65	203
5FU	21	2	1	1	62	216
5FU	21	2	1	1	63	223
5FU	21	2	1	1	70	229
5FU	21	1	1	10	118	256
5FU	21	1	1	10	71	208
5FU	21	1	1	10	133	240
5FU	21	1	1	10	87	218
5FU	21	1	1	10	92	224
5FU	21	1	1	10	88	225
5FU	21	1	1	10	114	238
5FU	21	1	1	10	68	200
5FU	21	1	1	10	66	213
5FU	21	2	1	10	57	204
5FU	21	2	1	10	41	188
5FU	21	2	1	10	33	180
5FU	21	2	1	10	30	168
5FU	21	2	1	10	39	205
5FU	21	1	1	20	123	297
5FU	21	1	1	20	70	249
5FU	21	1	1	20	53	220
5FU	21	1	1	20	49	203
5FU	21	1	1	20	50	227
5FU	21	1	1	20	44	219
5FU	21	1	1	20	37	179
5FU	21	1	1	20	36	193
5FU	21	1	1	20	54	173
5FU	21	1	2	50	111	264
5FU	21	1	2	50	111	241
5FU	21	1	2	50	89	214
5FU	21	1	2	50	86	214
5FU	21	1	2	50	74	213
5FU	21	1	2	50	70	212
5FU	21	1	2	50	53	202
5FU	21	1	2	50	52	166
5FU	21	1	2	50	38	106
5FU	21	2	2	50	138	276
5FU	21	2	2	50	166	275
5FU	21	2	2	50	119	270
5FU	21	2	2	50	138	255
5FU	21	2	2	50	133	270
5FU	21	2	2	50	130	274
5FU	21	2	2	50	154	296
5FU	21	2	2	50	128	274
5FU	21	2	2	50	79	281
5FU	21	3	2	50	115	265
5FU	21	3	2	50	171	256
5FU	21	3	2	50	146	216
5FU	21	3	2	50	143	251
5FU	21	3	2	50	110	243
5FU	21	3	2	50	107	226
5FU	21	3	2	50	75	237
5FU	21	3	2	50	88	197
5FU	21	3	2	50	59	162
Control	21	1	2	0	241	271
Control	21	1	2	0	269	306
Control	21	1	2	0	227	258
Control	21	1	2	0	228	269
Control	21	1	2	0	220	292
Control	21	1	2	0	179	237
Control	21	1	2	0	190	241
Control	21	1	2	0	154	242
Control	21	1	2	0	164	247
Control	21	2	2	0	110	224
Control	21	2	2	0	180	236
Control	21	2	2	0	208	287
Control	21	2	2	0	188	239
Control	21	2	2	0	186	255
Control	21	2	2	0	178	262
Control	21	2	2	0	206	265
Control	21	2	2	0	209	308
Control	21	2	2	0	263	305
5FU	21	1	2	1	115	312
5FU	21	1	2	1	127	277
5FU	21	1	2	1	92	260
5FU	21	1	2	1	75	196
5FU	21	1	2	1	52	235
5FU	21	1	2	1	32	208
5FU	21	1	2	1	37	212
5FU	21	1	2	1	30	213
5FU	21	1	2	1	65	224
5FU	21	2	2	1	45	192
5FU	21	2	2	1	42	170
5FU	21	2	2	1	58	161
5FU	21	2	2	1	57	194
5FU	21	2	2	1	58	211
5FU	21	2	2	1	97	238
5FU	21	2	2	1	93	234
5FU	21	2	2	1	110	259
5FU	21	2	2	1	135	256
5FU	21	1	2	10	170	243
5FU	21	1	2	10	173	279
5FU	21	1	2	10	153	245
5FU	21	1	2	10	168	247
5FU	21	1	2	10	153	212
5FU	21	1	2	10	213	233
5FU	21	1	2	10	131	221
5FU	21	1	2	10	115	238
5FU	21	1	2	10	84	227
5FU	21	2	2	10	38	190
5FU	21	2	2	10	19	130
5FU	21	2	2	10	16	137
5FU	21	2	2	10	34	165
5FU	21	2	2	10	44	181
5FU	21	2	2	10	60	244
5FU	21	2	2	10	57	205
5FU	21	2	2	10	74	215
5FU	21	1	2	20	131	238
5FU	21	1	2	20	76	202
5FU	21	1	2	20	75	214
5FU	21	1	2	20	69	159
5FU	21	1	2	20	51	142
5FU	21	1	2	20	49	131
5FU	21	1	2	20	46	125
5FU	21	1	2	20	48	139
5FU	21	1	2	20	120	211
5FU	21	2	2	20	119	183
5FU	21	2	2	20	87	174
5FU	21	2	2	20	64	140
5FU	21	2	2	20	57	132
5FU	21	2	2	20	62	223
5FU	21	2	2	20	93	203
5FU	21	2	2	20	99	191
5FU	21	2	2	20	119	270
5FU	21	2	2	20	222	266
5FU	21	1	2	50	166	253
5FU	21	1	2	50	125	235
5FU	21	1	2	50	90	233
5FU	21	1	2	50	86	199
5FU	21	1	2	50	82	240
5FU	21	1	2	50	58	221
5FU	21	1	2	50	54	189
5FU	21	1	2	50	85	183
5FU	21	1	2	50	107	181
5FU	21	2	2	50	59	223
5FU	21	2	2	50	45	150
5FU	21	2	2	50	58	133
5FU	21	2	2	50	78	214
5FU	21	2	2	50	99	233
5FU	21	2	2	50	97	214
5FU	21	2	2	50	115	200
5FU	21	2	2	50	136	249
5FU	21	2	2	50	263	319
5FU	21	3	2	50	146	270
5FU	21	3	2	50	151	203
5FU	21	3	2	50	114	186
5FU	21	3	2	50	109	187
5FU	21	3	2	50	123	226
5FU	21	3	2	50	115	196
5FU	21	3	2	50	90	157
5FU	21	3	2	50	87	177
5FU	21	3	2	50	112	183
Control	21	1	3	0	104	230
Control	21	1	3	0	64	206
Control	21	1	3	0	61	185
Control	21	1	3	0	62	209
Control	21	1	3	0	45	192
Control	21	1	3	0	56	170
Control	21	1	3	0	51	165
Control	21	1	3	0	36	178
Control	21	1	3	0	42	173
Control	21	2	3	0	69	200
Control	21	2	3	0	116	251
Control	21	2	3	0	157	207
Control	21	2	3	0	155	224
Control	21	2	3	0	152	265
Control	21	2	3	0	179	217
Control	21	2	3	0	185	236
Control	21	2	3	0	199	216
Control	21	2	3	0	191	232
5FU	21	1	3	1	72	80
5FU	21	1	3	1	95	97
5FU	21	1	3	1	72	94
5FU	21	1	3	1	81	104
5FU	21	1	3	1	95	141
5FU	21	1	3	1	97	145
5FU	21	1	3	1	90	149
5FU	21	1	3	1	121	144
5FU	21	1	3	1	188	178
5FU	21	2	3	1	119	171
5FU	21	2	3	1	88	172
5FU	21	2	3	1	59	153
5FU	21	2	3	1	64	153
5FU	21	2	3	1	63	125
5FU	21	2	3	1	73	114
5FU	21	2	3	1	52	125
5FU	21	2	3	1	76	116
5FU	21	2	3	1	47	110
5FU	21	3	3	1	48	140
5FU	21	3	3	1	46	135
5FU	21	3	3	1	37	109
5FU	21	3	3	1	56	171
5FU	21	3	3	1	69	164
5FU	21	3	3	1	60	187
5FU	21	3	3	1	103	191
5FU	21	3	3	1	129	243
5FU	21	3	3	1	112	221
5FU	21	1	3	10	95	228
5FU	21	1	3	10	31	208
5FU	21	1	3	10	76	194
5FU	21	1	3	10	68	164
5FU	21	1	3	10	32	172
5FU	21	1	3	10	28	150
5FU	21	1	3	10	38	183
5FU	21	1	3	10	44	127
5FU	21	1	3	10	65	161
5FU	21	2	3	10	97	193
5FU	21	2	3	10	47	198
5FU	21	2	3	10	54	186
5FU	21	2	3	10	63	198
5FU	21	2	3	10	72	196
5FU	21	2	3	10	80	169
5FU	21	2	3	10	78	207
5FU	21	2	3	10	82	197
5FU	21	2	3	10	146	241
5FU	21	1	3	20	202	234
5FU	21	1	3	20	133	174
5FU	21	1	3	20	145	165
5FU	21	1	3	20	109	166
5FU	21	1	3	20	110	157
5FU	21	1	3	20	127	161
5FU	21	1	3	20	79	161
5FU	21	1	3	20	106	166
5FU	21	1	3	20	77	157
5FU	21	2	3	20	70	141
5FU	21	2	3	20	46	121
5FU	21	2	3	20	43	101
5FU	21	2	3	20	56	155
5FU	21	2	3	20	46	130
5FU	21	2	3	20	58	129
5FU	21	2	3	20	90	99
5FU	21	2	3	20	97	140
5FU	21	2	3	20	159	204
5FU	21	1	3	50	204	235
5FU	21	1	3	50	163	177
5FU	21	1	3	50	183	164
5FU	21	1	3	50	129	132
5FU	21	1	3	50	137	124
5FU	21	1	3	50	104	121
5FU	21	1	3	50	117	140
5FU	21	1	3	50	139	139
5FU	21	1	3	50	126	134
5FU	21	2	3	50	149	156
5FU	21	2	3	50	130	112
5FU	21	2	3	50	115	89
5FU	21	2	3	50	129	108
5FU	21	2	3	50	111	120
5FU	21	2	3	50	147	127
5FU	21	2	3	50	143	134
5FU	21	2	3	50	144	138
5FU	21	2	3	50	167	165
Control	21	1	4	0	19	120
Control	21	1	4	0	18	117
Control	21	1	4	0	70	101
Control	21	1	4	0	66	107
Control	21	1	4	0	79	101
Control	21	1	4	0	64	104
Control	21	1	4	0	44	74
Control	21	1	4	0	38	93
Control	21	1	4	0	84	116
Control	21	2	4	0	277	174
Control	21	2	4	0	247	161
Control	21	2	4	0	210	161
Control	21	2	4	0	155	135
Control	21	2	4	0	262	186
Control	21	2	4	0	93	135
Control	21	2	4	0	94	141
Control	21	2	4	0	173	172
Control	21	2	4	0	116	146
5FU	21	1	4	1	101	126
5FU	21	1	4	1	95	119
5FU	21	1	4	1	74	108
5FU	21	1	4	1	70	114
5FU	21	1	4	1	54	107
5FU	21	1	4	1	39	103
5FU	21	1	4	1	36	93
5FU	21	1	4	1	33	83
5FU	21	1	4	1	45	65
5FU	21	2	4	1	36	115
5FU	21	2	4	1	24	99
5FU	21	2	4	1	26	101
5FU	21	2	4	1	34	96
5FU	21	2	4	1	31	113
5FU	21	2	4	1	36	107
5FU	21	2	4	1	61	126
5FU	21	2	4	1	78	163
5FU	21	2	4	1	80	195
5FU	21	1	4	10	111	147
5FU	21	1	4	10	74	127
5FU	21	1	4	10	105	107
5FU	21	1	4	10	64	86
5FU	21	1	4	10	52	97
5FU	21	1	4	10	53	66
5FU	21	1	4	10	42	65
5FU	21	1	4	10	44	71
5FU	21	1	4	10	23	47
5FU	21	2	4	10	41	54
5FU	21	2	4	10	30	77
5FU	21	2	4	10	84	96
5FU	21	2	4	10	85	93
5FU	21	2	4	10	96	115
5FU	21	2	4	10	82	106
5FU	21	2	4	10	82	106
5FU	21	2	4	10	50	99
5FU	21	1	4	20	121	163
5FU	21	1	4	20	108	141
5FU	21	1	4	20	90	138
5FU	21	1	4	20	104	172
5FU	21	1	4	20	108	117
5FU	21	1	4	20	102	123
5FU	21	1	4	20	131	139
5FU	21	1	4	20	85	127
5FU	21	1	4	20	173	128
5FU	21	2	4	20	231	193
5FU	21	2	4	20	207	163
5FU	21	2	4	20	270	191
5FU	21	2	4	20	208	170
5FU	21	2	4	20	170	169
5FU	21	2	4	20	199	186
5FU	21	2	4	20	276	208
5FU	21	2	4	20	204	180
5FU	21	1	4	50	57	112
5FU	21	1	4	50	104	122
5FU	21	1	4	50	88	119
5FU	21	1	4	50	89	104
5FU	21	1	4	50	77	98
5FU	21	1	4	50	77	100
5FU	21	1	4	50	78	97
5FU	21	1	4	50	76	112
5FU	21	1	4	50	31	105
5FU	21	2	4	50	93	46
5FU	21	2	4	50	183	114
5FU	21	2	4	50	95	61
5FU	21	2	4	50	112	60
5FU	21	2	4	50	90	63
5FU	21	2	4	50	76	61
5FU	21	2	4	50	213	155
5FU	21	2	4	50	156	131
Control	22	1	0	0	45	456
Control	22	1	0	0	31	425
Control	22	1	0	0	27	355
Control	22	1	0	0	16	397
Control	22	1	0	0	12	404
Control	22	1	0	0	27	367
Control	22	1	0	0	16	354
Control	22	1	0	0	39	418
Control	22	1	0	0	82	393
Control	22	2	0	0	24	374
Control	22	2	0	0	47	374
Control	22	2	0	0	31	308
Control	22	2	0	0	31	356
Control	22	2	0	0	34	393
Control	22	2	0	0	39	393
Control	22	2	0	0	27	399
Control	22	2	0	0	38	361
Control	22	2	0	0	38	428
Control	22	1	1	0	33	92
Control	22	1	1	0	20	80
Control	22	1	1	0	8	26
Control	22	1	1	0	16	87
Control	22	1	1	0	20	87
Control	22	1	1	0	25	94
Control	22	1	1	0	30	96
Control	22	1	1	0	32	119
Control	22	1	1	0	49	113
Control	22	2	1	0	41	111
Control	22	2	1	0	22	74
Control	22	2	1	0	13	99
Control	22	2	1	0	19	59
Control	22	2	1	0	18	74
Control	22	2	1	0	17	68
Control	22	2	1	0	18	59
Control	22	2	1	0	15	47
Control	22	2	1	0	23	75
5FU	22	1	1	1	58	114
5FU	22	1	1	1	43	111
5FU	22	1	1	1	26	90
5FU	22	1	1	1	26	83
5FU	22	1	1	1	42	91
5FU	22	1	1	1	47	104
5FU	22	1	1	1	52	126
5FU	22	1	1	1	35	113
5FU	22	1	1	1	30	145
5FU	22	1	1	10	25	71
5FU	22	1	1	10	24	81
5FU	22	1	1	10	23	82
5FU	22	1	1	10	33	111
5FU	22	1	1	10	39	96
5FU	22	1	1	10	34	105
5FU	22	1	1	10	37	113
5FU	22	1	1	10	17	118
5FU	22	1	1	10	17	157
5FU	22	2	1	10	64	142
5FU	22	2	1	10	53	124
5FU	22	2	1	10	91	145
5FU	22	2	1	10	79	157
5FU	22	2	1	10	73	167
5FU	22	2	1	10	76	140
5FU	22	2	1	10	64	143
5FU	22	2	1	10	53	130
5FU	22	2	1	10	48	107
5FU	22	1	1	20	19	98
5FU	22	1	1	20	27	66
5FU	22	1	1	20	29	56
5FU	22	1	1	20	39	58
5FU	22	1	1	20	48	56
5FU	22	1	1	20	52	86
5FU	22	1	1	20	45	74
5FU	22	1	1	20	61	84
5FU	22	1	1	20	43	81
5FU	22	2	1	20	64	184
5FU	22	2	1	20	62	178
5FU	22	2	1	20	58	157
5FU	22	2	1	20	80	160
5FU	22	2	1	20	80	171
5FU	22	2	1	20	61	171
5FU	22	2	1	20	47	137
5FU	22	2	1	20	55	168
5FU	22	2	1	20	40	148
5FU	22	1	1	50	19	56
5FU	22	1	1	50	27	56
5FU	22	1	1	50	51	65
5FU	22	1	1	50	47	76
5FU	22	1	1	50	34	86
5FU	22	1	1	50	45	86
5FU	22	1	1	50	80	132
5FU	22	1	1	50	67	126
5FU	22	1	1	50	63	129
5FU	22	2	1	50	38	86
5FU	22	2	1	50	35	83
5FU	22	2	1	50	27	82
5FU	22	2	1	50	29	75
5FU	22	2	1	50	9	46
5FU	22	2	1	50	5	36
5FU	22	2	1	50	14	55
5FU	22	2	1	50	15	69
5FU	22	2	1	50	22	60
Control	22	1	2	0	42	161
Control	22	1	2	0	86	161
Control	22	1	2	0	99	124
Control	22	1	2	0	81	113
Control	22	1	2	0	71	128
Control	22	1	2	0	66	152
Control	22	1	2	0	83	109
Control	22	1	2	0	40	126
Control	22	2	2	0	18	94
Control	22	2	2	0	30	111
Control	22	2	2	0	39	96
Control	22	2	2	0	44	112
Control	22	2	2	0	38	109
Control	22	2	2	0	33	100
Control	22	2	2	0	39	121
Control	22	2	2	0	47	122
Control	22	2	2	0	48	112
5FU	22	1	2	1	81	153
5FU	22	1	2	1	95	140
5FU	22	1	2	1	99	145
5FU	22	1	2	1	93	122
5FU	22	1	2	1	102	132
5FU	22	1	2	1	108	133
5FU	22	1	2	1	84	144
5FU	22	1	2	1	92	114
5FU	22	1	2	1	87	120
5FU	22	1	2	10	169	155
5FU	22	1	2	10	154	164
5FU	22	1	2	10	109	149
5FU	22	1	2	10	122	166
5FU	22	1	2	10	130	145
5FU	22	1	2	10	88	136
5FU	22	1	2	10	99	132
5FU	22	1	2	10	96	156
5FU	22	1	2	10	90	121
5FU	22	2	2	10	64	130
5FU	22	2	2	10	55	126
5FU	22	2	2	10	58	160
5FU	22	2	2	10	62	133
5FU	22	2	2	10	86	149
5FU	22	2	2	10	69	134
5FU	22	2	2	10	86	125
5FU	22	2	2	10	45	130
5FU	22	2	2	10	70	138
5FU	22	1	2	20	75	138
5FU	22	1	2	20	60	124
5FU	22	1	2	20	63	151
5FU	22	1	2	20	115	145
5FU	22	1	2	20	63	130
5FU	22	1	2	20	73	139
5FU	22	1	2	20	67	172
5FU	22	1	2	20	59	133
5FU	22	1	2	20	44	118
5FU	22	2	2	20	57	104
5FU	22	2	2	20	75	118
5FU	22	2	2	20	71	117
5FU	22	2	2	20	65	102
5FU	22	2	2	20	72	125
5FU	22	2	2	20	81	124
5FU	22	2	2	20	107	167
5FU	22	2	2	20	100	145
5FU	22	2	2	20	89	115
5FU	22	1	2	50	70	134
5FU	22	1	2	50	112	152
5FU	22	1	2	50	88	128
5FU	22	1	2	50	96	132
5FU	22	1	2	50	119	134
5FU	22	1	2	50	127	134
5FU	22	1	2	50	113	166
5FU	22	1	2	50	121	133
5FU	22	1	2	50	142	136
Control	22	1	3	0	63	145
Control	22	1	3	0	54	149
Control	22	1	3	0	42	158
Control	22	1	3	0	28	131
Control	22	1	3	0	14	106
Control	22	1	3	0	44	103
Control	22	1	3	0	27	94
Control	22	1	3	0	33	97
Control	22	1	3	0	42	117
Control	22	2	3	0	18	70
Control	22	2	3	0	30	92
Control	22	2	3	0	26	85
Control	22	2	3	0	40	122
Control	22	2	3	0	39	103
Control	22	2	3	0	58	107
Control	22	2	3	0	71	125
5FU	22	1	3	1	114	133
5FU	22	1	3	1	98	133
5FU	22	1	3	1	95	140
5FU	22	1	3	1	93	151
5FU	22	1	3	1	44	120
5FU	22	1	3	1	92	143
5FU	22	1	3	1	58	143
5FU	22	1	3	1	70	108
5FU	22	1	3	1	43	89
5FU	22	2	3	1	30	98
5FU	22	2	3	1	26	74
5FU	22	2	3	1	20	51
5FU	22	2	3	1	15	68
5FU	22	2	3	1	25	63
5FU	22	2	3	1	17	88
5FU	22	2	3	1	23	66
5FU	22	2	3	1	35	82
5FU	22	2	3	1	53	101
5FU	22	1	3	10	61	124
5FU	22	1	3	10	80	145
5FU	22	1	3	10	76	118
5FU	22	1	3	10	81	152
5FU	22	1	3	10	46	125
5FU	22	1	3	10	76	126
5FU	22	1	3	10	68	152
5FU	22	1	3	10	55	152
5FU	22	1	3	10	44	108
5FU	22	2	3	10	53	114
5FU	22	2	3	10	64	122
5FU	22	2	3	10	65	109
5FU	22	2	3	10	86	113
5FU	22	2	3	10	89	123
5FU	22	2	3	10	81	120
5FU	22	2	3	10	87	131
5FU	22	2	3	10	104	116
5FU	22	2	3	10	82	119
5FU	22	1	3	20	109	104
5FU	22	1	3	20	58	97
5FU	22	1	3	20	45	84
5FU	22	1	3	20	28	105
5FU	22	1	3	20	31	88
5FU	22	1	3	20	36	76
5FU	22	1	3	20	44	77
5FU	22	1	3	20	23	76
5FU	22	1	3	20	88	109
5FU	22	2	3	20	69	129
5FU	22	2	3	20	40	111
5FU	22	2	3	20	54	106
5FU	22	2	3	20	49	92
5FU	22	2	3	20	50	103
5FU	22	2	3	20	71	116
5FU	22	2	3	20	52	94
5FU	22	2	3	20	77	124
5FU	22	2	3	20	69	141
5FU	22	1	3	50	40	108
5FU	22	1	3	50	122	126
5FU	22	1	3	50	111	114
5FU	22	1	3	50	113	98
5FU	22	1	3	50	79	114
5FU	22	1	3	50	89	108
5FU	22	1	3	50	60	94
5FU	22	1	3	50	79	91
5FU	22	1	3	50	99	117
Control	22	1	4	0	4	22
Control	22	1	4	0	19	44
Control	22	1	4	0	29	58
Control	22	1	4	0	42	64
Control	22	1	4	0	80	112
Control	22	1	4	0	98	121
Control	22	1	4	0	79	118
Control	22	1	4	0	79	139
Control	22	1	4	0	92	150
Control	22	2	4	0	66	134
Control	22	2	4	0	102	134
Control	22	2	4	0	40	87
Control	22	2	4	0	42	57
Control	22	2	4	0	27	41
Control	22	2	4	0	29	42
Control	22	2	4	0	85	124
5FU	22	1	4	1	21	69
5FU	22	1	4	1	51	102
5FU	22	1	4	1	73	94
5FU	22	1	4	1	81	105
5FU	22	1	4	1	94	122
5FU	22	1	4	1	105	153
5FU	22	2	4	1	219	157
5FU	22	2	4	1	56	96
5FU	22	2	4	1	24	80
5FU	22	2	4	1	18	56
5FU	22	2	4	1	20	63
5FU	22	2	4	1	10	37
5FU	22	2	4	1	11	28
5FU	22	2	4	1	10	16
5FU	22	2	4	1	5	21
5FU	22	1	4	10	102	120
5FU	22	1	4	10	11	30
5FU	22	1	4	10	14	34
5FU	22	1	4	10	16	62
5FU	22	1	4	10	58	113
5FU	22	2	4	10	119	160
5FU	22	2	4	10	37	113
5FU	22	2	4	10	28	99
5FU	22	2	4	10	20	83
5FU	22	2	4	10	45	84
5FU	22	2	4	10	33	73
5FU	22	1	4	20	120	112
5FU	22	1	4	20	149	112
5FU	22	1	4	20	122	98
5FU	22	1	4	20	110	103
5FU	22	1	4	20	137	99
5FU	22	1	4	20	153	94
5FU	22	1	4	20	153	109
5FU	22	1	4	20	132	104
5FU	22	1	4	20	52	76
5FU	22	2	4	20	86	87
5FU	22	2	4	20	22	50
5FU	22	2	4	20	20	39
5FU	22	2	4	20	26	59
5FU	22	2	4	20	25	54
5FU	22	2	4	20	39	82
5FU	22	2	4	20	67	94
5FU	22	2	4	20	97	106
5FU	22	2	4	20	145	172
5FU	22	1	4	50	107	80
5FU	22	1	4	50	68	67
5FU	22	1	4	50	38	76
5FU	22	1	4	50	34	66
5FU	22	1	4	50	30	59
5FU	22	1	4	50	25	48
5FU	22	1	4	50	16	25
5FU	22	1	4	50	25	39
5FU	22	1	4	50	26	43
Control	23	1	0	0	105	363
Control	23	1	0	0	125	377
Control	23	1	0	0	124	382
Control	23	1	0	0	130	384
Control	23	1	0	0	120	389
Control	23	1	0	0	130	380
Control	23	1	0	0	147	390
Control	23	1	0	0	125	387
Control	23	1	0	0	131	377
Control	23	2	0	0	109	368
Control	23	2	0	0	105	368
Control	23	2	0	0	121	392
Control	23	2	0	0	108	384
Control	23	2	0	0	106	404
Control	23	2	0	0	97	360
Control	23	2	0	0	74	392
Control	23	2	0	0	99	391
Control	23	2	0	0	68	387
Control	23	1	1	0	134	162
Control	23	1	1	0	110	224
Control	23	1	1	0	102	184
Control	23	1	1	0	145	207
Control	23	1	1	0	106	176
Control	23	1	1	0	109	179
Control	23	1	1	0	122	185
Control	23	1	1	0	99	182
Control	23	1	1	0	104	178
Control	23	2	1	0	149	252
Control	23	2	1	0	90	159
Control	23	2	1	0	55	148
Control	23	2	1	0	40	137
Control	23	2	1	0	21	87
Control	23	2	1	0	16	44
5FU	23	1	1	1	72	171
5FU	23	1	1	1	80	160
5FU	23	1	1	1	105	202
5FU	23	1	1	1	87	218
5FU	23	1	1	1	117	228
5FU	23	1	1	1	117	202
5FU	23	1	1	1	141	269
5FU	23	1	1	1	120	234
5FU	23	1	1	1	107	223
5FU	23	1	1	10	82	194
5FU	23	1	1	10	68	167
5FU	23	1	1	10	85	172
5FU	23	1	1	10	108	203
5FU	23	1	1	10	117	204
5FU	23	1	1	10	138	235
5FU	23	1	1	10	152	243
5FU	23	1	1	10	166	243
5FU	23	2	1	10	175	326
5FU	23	2	1	10	121	267
5FU	23	2	1	10	122	250
5FU	23	2	1	10	81	213
5FU	23	2	1	10	141	248
5FU	23	2	1	10	88	221
5FU	23	2	1	10	123	261
5FU	23	2	1	10	148	294
5FU	23	1	1	20	92	227
5FU	23	1	1	20	99	233
5FU	23	1	1	20	149	278
5FU	23	1	1	20	177	294
5FU	23	1	1	20	151	269
5FU	23	1	1	20	125	290
5FU	23	1	1	20	140	256
5FU	23	1	1	20	136	261
5FU	23	1	1	20	147	282
5FU	23	2	1	20	43	138
5FU	23	2	1	20	28	137
5FU	23	2	1	20	26	138
5FU	23	2	1	20	31	140
5FU	23	2	1	20	41	156
5FU	23	2	1	20	40	150
5FU	23	2	1	20	56	179
5FU	23	2	1	20	92	205
5FU	23	1	1	50	197	292
5FU	23	1	1	50	219	328
5FU	23	1	1	50	198	327
5FU	23	1	1	50	240	297
5FU	23	1	1	50	201	314
5FU	23	1	1	50	149	247
5FU	23	1	1	50	142	261
5FU	23	1	1	50	126	203
5FU	23	1	1	50	106	215
Control	23	1	2	0	54	198
Control	23	1	2	0	60	159
Control	23	1	2	0	94	182
Control	23	1	2	0	104	189
Control	23	1	2	0	77	196
Control	23	1	2	0	99	151
Control	23	1	2	0	99	192
Control	23	1	2	0	87	180
Control	23	1	2	0	75	161
Control	23	2	2	0	27	182
Control	23	2	2	0	65	166
Control	23	2	2	0	69	187
Control	23	2	2	0	79	171
Control	23	2	2	0	93	202
Control	23	2	2	0	110	215
Control	23	2	2	0	100	221
Control	23	2	2	0	82	226
Control	23	2	2	0	80	229
5FU	23	1	2	1	31	183
5FU	23	1	2	1	74	164
5FU	23	1	2	1	83	163
5FU	23	1	2	1	45	162
5FU	23	1	2	1	46	172
5FU	23	1	2	1	57	169
5FU	23	1	2	1	56	184
5FU	23	1	2	1	32	196
5FU	23	1	2	1	24	161
5FU	23	1	2	10	68	238
5FU	23	1	2	10	127	265
5FU	23	1	2	10	123	250
5FU	23	1	2	10	136	241
5FU	23	1	2	10	141	233
5FU	23	1	2	10	173	213
5FU	23	1	2	10	162	229
5FU	23	1	2	10	171	246
5FU	23	1	2	10	163	286
5FU	23	2	2	10	179	273
5FU	23	2	2	10	191	325
5FU	23	2	2	10	159	267
5FU	23	2	2	10	189	288
5FU	23	2	2	10	211	273
5FU	23	2	2	10	179	301
5FU	23	2	2	10	201	297
5FU	23	2	2	10	188	260
5FU	23	2	2	10	149	285
5FU	23	1	2	20	92	212
5FU	23	1	2	20	112	198
5FU	23	1	2	20	105	227
5FU	23	1	2	20	149	224
5FU	23	1	2	20	102	195
5FU	23	1	2	20	142	203
5FU	23	1	2	20	172	221
5FU	23	1	2	20	130	229
5FU	23	1	2	20	105	212
5FU	23	2	2	20	110	191
5FU	23	2	2	20	134	186
5FU	23	2	2	20	137	192
5FU	23	2	2	20	140	190
5FU	23	2	2	20	108	187
5FU	23	2	2	20	117	194
5FU	23	2	2	20	114	193
5FU	23	2	2	20	79	183
5FU	23	2	2	20	40	175
5FU	23	1	2	50	122	194
5FU	23	1	2	50	172	238
5FU	23	1	2	50	146	240
5FU	23	1	2	50	177	264
5FU	23	1	2	50	216	262
5FU	23	1	2	50	188	231
5FU	23	1	2	50	192	288
5FU	23	1	2	50	163	279
5FU	23	1	2	50	187	285
5FU	23	2	2	50	129	204
5FU	23	2	2	50	141	246
5FU	23	2	2	50	142	228
5FU	23	2	2	50	142	241
5FU	23	2	2	50	172	220
5FU	23	2	2	50	180	234
5FU	23	2	2	50	140	226
5FU	23	2	2	50	122	214
5FU	23	2	2	50	76	163
Control	23	1	3	0	76	163
Control	23	1	3	0	200	189
Control	23	1	3	0	201	202
Control	23	1	3	0	202	183
Control	23	1	3	0	142	203
Control	23	1	3	0	111	148
Control	23	1	3	0	167	192
Control	23	1	3	0	167	176
Control	23	1	3	0	88	134
Control	23	2	3	0	100	118
Control	23	2	3	0	68	122
Control	23	2	3	0	59	86
Control	23	2	3	0	72	122
Control	23	2	3	0	89	116
Control	23	2	3	0	109	144
Control	23	2	3	0	176	175
5FU	23	1	3	1	206	192
5FU	23	1	3	1	156	173
5FU	23	1	3	1	117	165
5FU	23	1	3	1	153	169
5FU	23	1	3	1	131	157
5FU	23	1	3	1	114	174
5FU	23	1	3	1	129	165
5FU	23	1	3	1	116	186
5FU	23	1	3	1	101	165
5FU	23	2	3	1	109	140
5FU	23	2	3	1	95	122
5FU	23	2	3	1	77	134
5FU	23	2	3	1	132	142
5FU	23	2	3	1	101	116
5FU	23	2	3	1	104	172
5FU	23	2	3	1	134	188
5FU	23	2	3	1	149	188
5FU	23	2	3	1	175	176
5FU	23	1	3	10	259	224
5FU	23	1	3	10	284	217
5FU	23	1	3	10	190	207
5FU	23	1	3	10	224	180
5FU	23	1	3	10	218	211
5FU	23	1	3	10	203	183
5FU	23	1	3	10	179	165
5FU	23	1	3	10	141	144
5FU	23	1	3	10	150	150
5FU	23	2	3	10	282	216
5FU	23	2	3	10	255	218
5FU	23	2	3	10	218	200
5FU	23	2	3	10	259	210
5FU	23	2	3	10	277	204
5FU	23	2	3	10	302	230
5FU	23	2	3	10	276	251
5FU	23	2	3	10	290	237
5FU	23	2	3	10	275	223
5FU	23	1	3	20	187	183
5FU	23	1	3	20	189	212
5FU	23	1	3	20	128	189
5FU	23	1	3	20	168	169
5FU	23	1	3	20	149	168
5FU	23	1	3	20	116	166
5FU	23	1	3	20	123	152
5FU	23	1	3	20	105	167
5FU	23	1	3	20	131	137
5FU	23	2	3	20	88	132
5FU	23	2	3	20	94	138
5FU	23	2	3	20	98	140
5FU	23	2	3	20	117	177
5FU	23	2	3	20	138	159
5FU	23	2	3	20	130	179
5FU	23	2	3	20	175	141
5FU	23	2	3	20	171	166
5FU	23	2	3	20	164	152
5FU	23	1	3	50	123	96
5FU	23	1	3	50	204	150
5FU	23	1	3	50	213	143
5FU	23	1	3	50	213	142
5FU	23	1	3	50	244	146
5FU	23	1	3	50	209	153
5FU	23	1	3	50	199	177
5FU	23	1	3	50	262	200
5FU	23	1	3	50	225	211
Control	23	1	4	0	260	184
Control	23	1	4	0	103	103
Control	23	1	4	0	77	114
Control	23	1	4	0	64	111
Control	23	1	4	0	139	146
Control	23	1	4	0	229	189
Control	23	1	4	0	83	123
Control	23	1	4	0	80	85
Control	23	1	4	0	97	99
Control	23	2	4	0	200	123
Control	23	2	4	0	128	144
Control	23	2	4	0	118	111
Control	23	2	4	0	172	143
Control	23	2	4	0	161	128
Control	23	2	4	0	154	134
Control	23	2	4	0	186	179
Control	23	2	4	0	345	228
Control	23	2	4	0	181	153
5FU	23	1	4	1	162	154
5FU	23	1	4	1	150	169
5FU	23	1	4	1	86	97
5FU	23	1	4	1	89	88
5FU	23	1	4	1	50	69
5FU	23	1	4	1	34	69
5FU	23	1	4	1	49	79
5FU	23	1	4	1	87	66
5FU	23	1	4	1	32	53
5FU	23	2	4	1	55	92
5FU	23	2	4	1	47	100
5FU	23	2	4	1	122	139
5FU	23	2	4	1	142	128
5FU	23	2	4	1	126	147
5FU	23	2	4	1	130	154
5FU	23	2	4	1	115	160
5FU	23	2	4	1	138	146
5FU	23	1	4	10	155	126
5FU	23	1	4	10	138	89
5FU	23	1	4	10	128	78
5FU	23	1	4	10	67	63
5FU	23	1	4	10	35	53
5FU	23	1	4	10	156	86
5FU	23	1	4	10	223	179
5FU	23	2	4	10	125	98
5FU	23	2	4	10	40	56
5FU	23	2	4	10	30	51
5FU	23	2	4	10	48	51
5FU	23	2	4	10	87	82
5FU	23	2	4	10	115	88
5FU	23	2	4	10	178	132
5FU	23	2	4	10	183	131
5FU	23	2	4	10	33	61
5FU	23	1	4	20	142	129
5FU	23	1	4	20	160	140
5FU	23	1	4	20	151	134
5FU	23	1	4	20	140	141
5FU	23	1	4	20	143	145
5FU	23	1	4	20	177	144
5FU	23	1	4	20	229	172
5FU	23	1	4	20	133	144
5FU	23	1	4	20	176	153
5FU	23	2	4	20	218	180
5FU	23	2	4	20	171	159
5FU	23	2	4	20	170	172
5FU	23	2	4	20	163	167
5FU	23	2	4	20	149	137
5FU	23	2	4	20	183	179
5FU	23	2	4	20	151	141
5FU	23	2	4	20	248	221
5FU	23	2	4	20	294	202
5FU	23	1	4	50	194	131
5FU	23	1	4	50	223	125
5FU	23	1	4	50	148	57
5FU	23	1	4	50	158	79
5FU	23	1	4	50	158	78
5FU	23	1	4	50	164	92
5FU	23	1	4	50	115	85
5FU	23	1	4	50	94	94
5FU	23	1	4	50	122	95
Control	16	1	0	0	69	283
Control	16	1	0	0	56	281
Control	16	1	0	0	72	305
Control	16	1	0	0	63	304
Control	16	1	0	0	61	318
Control	16	1	0	0	75	317
Control	16	1	0	0	84	363
Control	16	1	0	0	57	335
Control	16	1	1	0	20	153
Control	16	1	1	0	16	241
Control	16	1	1	0	18	220
Control	16	1	1	0	15	248
Control	16	1	1	0	31	186
Control	16	1	1	0	14	220
Control	16	1	1	0	31	254
Control	16	1	1	0	26	305
Control	16	1	1	0	21	276
Control	16	1	1	0	33	251
Control	16	2	1	0	101	248
Control	16	2	1	0	62	109
Control	16	2	1	0	82	247
Control	16	2	1	0	60	253
Control	16	2	1	0	83	263
Control	16	2	1	0	58	231
Control	16	2	1	0	76	239
Control	16	2	1	0	65	243
Control	16	2	1	0	56	222
Control	16	2	1	0	73	234
Control	16	1	2	0	14	48
Control	16	1	2	0	31	96
Control	16	1	2	0	53	149
Control	16	1	2	0	65	144
Control	16	1	2	0	99	150
Control	16	1	2	0	97	165
Control	16	1	2	0	120	191
Control	16	1	2	0	112	196
Control	16	1	2	0	158	201
Control	16	2	2	0	131	186
Control	16	2	2	0	88	157
Control	16	2	2	0	98	171
Control	16	2	2	0	79	162
Control	16	2	2	0	96	161
Control	16	2	2	0	65	123
Control	16	2	2	0	62	133
Control	16	2	2	0	65	131
Control	16	2	2	0	83	132
Control	16	2	2	0	96	135
Control	16	1	3	0	15	38
Control	16	1	3	0	4	45
Control	16	1	3	0	6	63
Control	16	2	3	0	1	13
Control	16	2	3	0	2	30
Control	16	2	3	0	3	36
Control	16	2	3	0	12	57
Control	16	2	3	0	51	74
Control	16	1	4	0	36	70
Control	16	1	4	0	7	65
Control	16	1	4	0	3	37
Control	16	1	4	0	13	17
Control	16	1	4	0	10	22
Control	16	1	4	0	20	34
Control	16	1	4	0	7	9
Control	16	1	4	0	32	39
Control	16	2	4	0	11	31
Control	16	2	4	0	18	65
Control	16	2	4	0	16	62
Control	16	2	4	0	21	57
Control	16	2	4	0	35	66
Control	16	2	4	0	60	61
Control	16	2	4	0	55	84
Control	16	2	4	0	104	70
Control	16	3	4	0	60	54
Control	16	3	4	0	57	62
Control	16	3	4	0	61	80
Control	16	3	4	0	30	71
Control	16	3	4	0	12	59
Control	16	3	4	0	10	60
Control	16	3	4	0	1	43
Control	16	3	4	0	2	34
5FU	16	1	3	1	22	89
5FU	16	1	3	1	45	97
5FU	16	1	3	1	23	81
5FU	16	1	3	1	27	88
5FU	16	1	3	1	16	89
5FU	16	1	3	1	21	62
5FU	16	1	3	1	39	75
5FU	16	1	3	1	33	109
5FU	16	2	4	1	52	73
5FU	16	2	4	1	28	94
5FU	16	2	4	1	15	106
5FU	16	2	4	1	9	86
5FU	16	2	4	1	8	66
5FU	16	2	4	1	13	88
5FU	16	2	4	1	9	65
5FU	16	2	4	1	25	105
5FU	16	2	4	1	38	69
5FU	16	3	4	1	19	77
5FU	16	3	4	1	18	112
5FU	16	3	4	1	19	95
5FU	16	3	4	1	21	95
5FU	16	3	4	1	25	107
5FU	16	3	4	1	26	86
5FU	16	3	4	1	29	77
5FU	16	3	4	1	51	102
5FU	16	3	4	1	23	105
5FU	16	1	4	10	53	78
5FU	16	1	4	10	43	54
5FU	16	1	4	10	18	47
5FU	16	1	4	10	21	52
5FU	16	1	4	10	13	33
5FU	16	1	4	10	14	40
5FU	16	1	4	10	23	53
5FU	16	1	4	10	28	48
5FU	16	1	4	10	31	61
5FU	16	2	4	10	29	45
5FU	16	2	4	10	16	91
5FU	16	2	4	10	32	92
5FU	16	2	4	10	28	72
5FU	16	2	4	10	16	83
5FU	16	2	4	10	34	111
5FU	16	2	4	10	46	94
5FU	16	2	4	10	21	102
5FU	16	2	4	10	37	66
5FU	16	1	4	20	24	64
5FU	16	1	4	20	13	99
5FU	16	1	4	20	17	167
5FU	16	1	4	20	17	106
5FU	16	1	4	20	5	86
5FU	16	1	4	20	6	50
5FU	16	1	4	20	7	56
5FU	16	2	4	20	91	112
5FU	16	2	4	20	33	73
5FU	16	2	4	20	17	70
5FU	16	2	4	20	35	85
5FU	16	2	4	20	62	82
5FU	16	2	4	20	38	82
5FU	16	2	4	20	48	78
5FU	16	2	4	20	45	80
5FU	16	2	4	20	26	76
5FU	16	2	4	20	37	93
5FU	16	1	4	50	18	68
5FU	16	1	4	50	35	73
5FU	16	1	4	50	45	79
5FU	16	1	4	50	19	80
5FU	16	1	4	50	24	81
5FU	16	1	4	50	49	57
5FU	16	1	4	50	62	94
5FU	16	1	4	50	24	59
5FU	16	1	4	50	79	85
5FU	16	2	4	50	53	95
5FU	16	2	4	50	31	104
5FU	16	2	4	50	32	86
5FU	16	2	4	50	22	70
5FU	16	2	4	50	19	63
5FU	16	2	4	50	25	84
5FU	16	2	4	50	34	98
5FU	16	2	4	50	69	102
5FU	16	3	4	50	62	116
5FU	16	3	4	50	28	70
5FU	16	3	4	50	23	84
5FU	16	3	4	50	33	79
5FU	16	3	4	50	48	86
5FU	16	3	4	50	39	71
5FU	16	3	4	50	29	65
5FU	16	3	4	50	46	97
5FU	16	3	4	50	110	102
Control	12	1	0	0	29	80
Control	12	1	0	0	26	96
Control	12	1	0	0	22	101
Control	12	1	0	0	14	98
Control	12	1	0	0	14	102
Control	12	1	0	0	15	109
Control	12	1	0	0	11	103
Control	12	2	0	0	40	184
Control	12	2	0	0	38	191
Control	12	2	0	0	33	174
Control	12	2	0	0	23	170
Control	12	2	0	0	45	170
Control	12	2	0	0	48	172
Control	12	1	3	0	67	72
Control	12	1	3	0	47	61
Control	12	1	3	0	56	76
Control	12	1	3	0	39	69
Control	12	1	3	0	15	59
Control	12	1	3	0	17	58
Control	12	1	3	0	21	55
Control	12	1	4	0	41	76
Control	12	1	4	0	30	65
Control	12	1	4	0	14	75
Control	12	1	4	0	14	77
Control	12	1	4	0	11	81
Control	12	1	4	0	17	64
Control	12	1	4	0	10	75
Control	12	1	4	0	6	55
Control	12	2	4	0	20	91
Control	12	2	4	0	10	71
Control	12	2	4	0	17	82
Control	12	2	4	0	16	65
Control	12	2	4	0	16	85
Control	12	2	4	0	15	57
Control	12	2	4	0	13	67
Control	12	2	4	0	49	7
5FU	12	1	3	10	34	68
5FU	12	1	3	10	31	82
5FU	12	1	3	10	26	78
5FU	12	1	3	10	34	98
5FU	12	1	3	10	27	60
5FU	12	1	3	10	21	71
5FU	12	2	3	10	20	43
5FU	12	2	3	10	10	46
5FU	12	2	3	10	6	65
5FU	12	2	3	10	2	60
5FU	12	2	3	10	13	46
5FU	12	2	3	10	9	35
5FU	12	2	3	10	12	60
5FU	12	2	3	10	18	41
5FU	12	1	4	10	55	79
5FU	12	1	4	10	49	82
5FU	12	1	4	10	52	87
5FU	12	1	4	10	66	92
5FU	12	1	4	10	36	69
5FU	12	1	4	10	29	85
5FU	12	1	4	10	17	75
5FU	12	1	4	10	7	70
5FU	12	2	4	10	45	86
5FU	12	2	4	10	45	89
5FU	12	2	4	10	62	86
5FU	12	2	4	10	57	77
5FU	12	2	4	10	36	62
5FU	12	2	4	10	34	65
5FU	12	2	4	10	36	76
5FU	12	2	4	10	36	67
5FU	12	3	3	10	65	69
5FU	12	3	3	10	36	47
5FU	12	3	3	10	43	40
5FU	12	3	3	10	34	31
5FU	12	3	3	10	43	48
5FU	12	3	3	10	34	44
5FU	12	3	3	10	37	36
5FU	12	3	3	10	61	59
5FU	12	4	3	10	47	55
5FU	12	4	3	10	74	53
5FU	12	4	3	10	71	60
5FU	12	4	3	10	58	60
5FU	12	4	3	10	55	51
5FU	12	4	3	10	53	56
5FU	12	4	4	10	271	108
5FU	12	4	4	10	320	139
5FU	12	4	4	10	345	131
5FU	12	4	4	10	259	88
5FU	12	4	4	10	271	110
5FU	12	4	4	10	260	91
5FU	12	4	4	10	240	77
5FU	12	4	4	10	310	92
5FU	12	4	4	10	264	39
5FU	12	4	4	10	105	13
5FU	12	4	4	10	294	80
5FU	12	4	4	10	283	81
5FU	12	4	4	10	322	108
5FU	12	4	4	10	280	78
5FU	12	4	4	10	275	66
5FU	12	4	4	10	306	58
5FU	12	4	4	10	299	79
5FU	12	4	4	10	350	85
Control	11	1	0	0	17	128
Control	11	1	0	0	18	121
Control	11	1	0	0	13	115
Control	11	1	0	0	11	97
Control	11	1	0	0	21	108
Control	11	1	0	0	16	106
Control	11	1	0	0	24	98
Control	11	1	0	0	12	98
Control	11	1	3	0	21	42
Control	11	1	3	0	27	48
Control	11	1	3	0	19	47
Control	11	1	3	0	30	46
Control	11	1	3	0	21	51
Control	11	1	3	0	23	52
Control	11	1	3	0	23	55
Control	11	1	3	0	18	50
Control	11	2	3	0	22	51
Control	11	2	3	0	19	49
Control	11	2	3	0	17	45
Control	11	2	3	0	3	38
Control	11	2	3	0	7	35
Control	11	2	3	0	4	33
Control	11	2	3	0	3	33
Control	11	2	3	0	3	35
Control	11	1	4	0	63	64
Control	11	1	4	0	34	57
Control	11	1	4	0	4	38
Control	11	1	4	0	13	43
Control	11	1	4	0	25	34
Control	11	1	4	0	36	42
Control	11	1	4	0	52	64
Control	11	2	4	0	55	92
Control	11	2	4	0	30	60
Control	11	2	4	0	29	60
Control	11	2	4	0	27	59
Control	11	2	4	0	30	49
Control	11	2	4	0	24	52
Control	11	2	4	0	30	55
Control	11	2	4	0	27	78
5FU	11	1	3	10	37	63
5FU	11	1	3	10	40	62
5FU	11	1	3	10	36	70
5FU	11	1	3	10	39	59
5FU	11	1	3	10	41	69
5FU	11	1	3	10	35	73
5FU	11	1	3	10	38	50
5FU	11	1	3	10	32	47
5FU	11	2	3	10	17	50
5FU	11	2	3	10	10	47
5FU	11	2	3	10	11	35
5FU	11	2	3	10	11	42
5FU	11	2	3	10	10	35
5FU	11	2	3	10	20	38
5FU	11	2	3	10	14	50
5FU	11	2	3	10	12	50
5FU	11	1	4	10	22	51
5FU	11	1	4	10	25	52
5FU	11	1	4	10	9	75
5FU	11	1	4	10	16	65
5FU	11	1	4	10	11	44
5FU	11	1	4	10	12	47
5FU	11	1	4	10	13	51
5FU	11	2	4	10	17	50
5FU	11	2	4	10	10	47
5FU	11	2	4	10	11	35
5FU	11	2	4	10	11	42
5FU	11	2	4	10	10	35
5FU	11	2	4	10	20	38
5FU	11	2	4	10	14	50
5FU	11	2	4	10	12	50
5FU	11	3	3	10	102	57
5FU	11	3	3	10	84	52
5FU	11	3	3	10	74	61
5FU	11	3	3	10	82	55
5FU	11	3	3	10	74	50
5FU	11	3	3	10	70	48
5FU	11	3	3	10	65	42
5FU	11	3	3	10	98	58
5FU	11	4	3	10	70	57
5FU	11	4	3	10	68	63
5FU	11	4	3	10	82	72
5FU	11	4	3	10	61	59
5FU	11	4	3	10	81	68
5FU	11	4	3	10	62	50
5FU	11	4	3	10	72	63
5FU	11	4	3	10	86	66
5FU	11	3	4	10	169	86
5FU	11	3	4	10	188	75
5FU	11	3	4	10	195	84
5FU	11	3	4	10	178	72
5FU	11	3	4	10	186	72
5FU	11	3	4	10	181	81
5FU	11	3	4	10	167	81
5FU	11	3	4	10	139	67
5FU	11	4	4	10	208	94
5FU	11	4	4	10	231	84
5FU	11	4	4	10	230	74
5FU	11	4	4	10	230	77
5FU	11	4	4	10	233	82
5FU	11	4	4	10	218	75
5FU	11	4	4	10	193	86
5FU	11	4	4	10	198	76
Control	10	1	0	0	61	539
Control	10	1	0	0	67	549
Control	10	1	0	0	88	565
Control	10	1	0	0	78	584
Control	10	1	0	0	84	564
Control	10	1	0	0	76	560
Control	10	1	3	0	93	133
Control	10	1	3	0	102	224
Control	10	1	3	0	96	243
Control	10	1	3	0	89	213
Control	10	1	3	0	74	225
Control	10	1	3	0	67	250
Control	10	1	3	0	68	223
Control	10	2	3	0	103	222
Control	10	2	3	0	151	200
Control	10	2	3	0	136	218
Control	10	2	3	0	170	240
Control	10	2	3	0	142	242
Control	10	2	3	0	133	240
Control	10	2	3	0	169	287
Control	10	2	3	0	141	276
Control	10	1	4	0	53	109
Control	10	1	4	0	33	84
Control	10	1	4	0	70	145
Control	10	1	4	0	24	83
Control	10	1	4	0	3	16
Control	10	1	4	0	8	68
Control	10	1	4	0	28	129
Control	10	2	4	0	65	103
Control	10	2	4	0	36	105
Control	10	2	4	0	16	59
Control	10	2	4	0	28	116
Control	10	2	4	0	3	36
Control	10	2	4	0	7	41
Control	10	2	4	0	12	80
Control	10	2	4	0	12	97
5FU	10	1	3	10	59	309
5FU	10	1	3	10	53	315
5FU	10	1	3	10	61	265
5FU	10	1	3	10	34	279
5FU	10	1	3	10	47	244
5FU	10	1	3	10	49	248
5FU	10	2	3	10	158	234
5FU	10	2	3	10	117	242
5FU	10	2	3	10	92	281
5FU	10	2	3	10	115	222
5FU	10	2	3	10	70	261
5FU	10	2	3	10	68	281
5FU	10	2	3	10	72	244
5FU	10	2	3	10	79	295
5FU	10	3	3	10	500	253
5FU	10	3	3	10	448	250
5FU	10	3	3	10	420	256
5FU	10	3	3	10	433	268
5FU	10	3	3	10	369	225
5FU	10	3	3	10	416	216
5FU	10	3	3	10	390	224
5FU	10	4	3	10	551	230
5FU	10	4	3	10	459	236
5FU	10	4	3	10	444	223
5FU	10	4	3	10	420	231
5FU	10	4	3	10	345	229
5FU	10	4	3	10	414	244
5FU	10	4	3	10	423	222
Control	9	1	0	0	107	533
Control	9	1	0	0	96	521
Control	9	1	0	0	108	511
Control	9	1	0	0	104	517
Control	9	1	0	0	119	513
Control	9	1	0	0	108	539
Control	9	1	0	0	85	511
Control	9	1	3	0	110	157
Control	9	1	3	0	87	196
Control	9	1	3	0	89	203
Control	9	1	3	0	41	159
Control	9	1	3	0	45	199
Control	9	1	3	0	44	195
Control	9	1	3	0	49	162
Control	9	1	3	0	77	222
Control	9	1	4	0	53	159
Control	9	1	4	0	55	124
Control	9	1	4	0	52	157
Control	9	1	4	0	41	97
Control	9	1	4	0	22	86
Control	9	1	4	0	38	145
Control	9	1	4	0	18	109
Control	9	1	4	0	9	41
Control	9	2	4	0	93	97
Control	9	2	4	0	62	106
Control	9	2	4	0	84	108
Control	9	2	4	0	31	135
Control	9	2	4	0	65	145
Control	9	2	4	0	42	128
Control	9	2	4	0	37	129
Control	9	2	4	0	31	135
5FU	9	1	3	10	26	194
5FU	9	1	3	10	56	213
5FU	9	1	3	10	29	197
5FU	9	1	3	10	15	246
5FU	9	1	3	10	41	263
5FU	9	1	3	10	20	252
5FU	9	1	3	10	17	229
5FU	9	2	3	10	84	129
5FU	9	2	3	10	53	179
5FU	9	2	3	10	50	150
5FU	9	2	3	10	38	146
5FU	9	2	3	10	36	178
5FU	9	2	3	10	48	196
5FU	9	2	3	10	64	159
5FU	9	2	3	10	49	166
5FU	9	3	3	10	271	228
5FU	9	3	3	10	188	225
5FU	9	3	3	10	131	198
5FU	9	3	3	10	94	225
5FU	9	3	3	10	112	239
5FU	9	3	3	10	93	209
5FU	9	3	3	10	81	222
5FU	9	4	3	10	351	244
5FU	9	4	3	10	289	209
5FU	9	4	3	10	282	207
5FU	9	4	3	10	255	221
5FU	9	4	3	10	142	232
5FU	9	4	3	10	277	204
5FU	9	4	3	10	240	211
5FU	9	1	4	10	52	133
5FU	9	1	4	10	68	149
5FU	9	1	4	10	24	138
5FU	9	1	4	10	15	134
5FU	9	1	4	10	17	144
5FU	9	1	4	10	31	168
5FU	9	1	4	10	75	99
5FU	9	2	4	10	234	159
5FU	9	2	4	10	256	158
5FU	9	2	4	10	303	165
5FU	9	2	4	10	175	151
5FU	9	2	4	10	102	165
5FU	9	2	4	10	176	163
5FU	9	2	4	10	179	179
5FU	9	3	4	10	276	134
5FU	9	3	4	10	334	126
5FU	9	3	4	10	260	128
5FU	9	3	4	10	319	128
5FU	9	3	4	10	308	121
5FU	9	3	4	10	339	135
5FU	9	3	4	10	268	123
5FU	9	3	4	10	260	137
5FU	9	4	4	10	372	129
5FU	9	4	4	10	321	130
5FU	9	4	4	10	362	132
5FU	9	4	4	10	313	130
5FU	9	4	4	10	364	132
5FU	9	4	4	10	383	133
5FU	9	4	4	10	357	124